Input: eil101.tsp
Costs: 
4858.853863537152,4855.618592692715,4852.615919060124,
Mean cost: 4855.696125096663
Std Deviation: 6.488330853246275
Best path:
Distance:4852.615919060124
Path: [58, 74, 63, 72, 90, 43, 20, 38, 9, 92, 28, 60, 24, 17, 80, 83, 77, 93, 35, 91, 33, 86, 79, 45, 25, 8, 55, 99, 78, 61, 68, 5, 34, 14, 101, 96, 31, 73, 36, 21, 46, 67, 64, 41, 19, 75, 52, 23, 47, 89, 39, 49, 54, 84, 50, 13, 88, 57, 62, 2, 69, 59, 32, 100, 71, 15, 51, 94, 1, 37, 65, 95, 3, 98, 81, 85, 53, 30, 40, 11, 22, 48, 56, 82, 12, 18, 29, 16, 26, 6, 76, 44, 27, 87, 66, 97, 70, 42, 10, 4, 7]

Input: eil51.tsp
Costs: 
2333.3656069080143,2335.152132888558,2346.29601656817,
Mean cost: 2338.2712521215813
Std Deviation: 32.73036805814892
Best path:
Distance:2333.3656069080143
Path: [24, 38, 43, 10, 26, 45, 28, 4, 22, 44, 1, 15, 31, 12, 32, 41, 11, 51, 9, 23, 39, 48, 5, 7, 49, 6, 30, 27, 33, 8, 37, 3, 40, 20, 19, 35, 18, 29, 13, 50, 25, 16, 47, 2, 17, 36, 42, 46, 21, 14, 34]

Input: eil76.tsp
Costs: 
3544.55741941125,3562.943592363407,3557.382137235524,
Mean cost: 3554.96104967006
Std Deviation: 59.27272513759217
Best path:
Distance:3544.55741941125
Path: [70, 3, 45, 25, 27, 16, 4, 61, 58, 2, 38, 69, 39, 47, 12, 42, 8, 62, 76, 74, 53, 75, 56, 34, 63, 19, 1, 35, 64, 66, 68, 72, 36, 55, 20, 18, 52, 41, 14, 73, 7, 43, 59, 6, 65, 21, 26, 60, 9, 5, 32, 15, 44, 57, 24, 37, 40, 71, 50, 29, 31, 28, 11, 22, 46, 33, 67, 23, 13, 49, 54, 51, 30, 10, 48, 17]

Input: kroA100.tsp
Costs: 
248453.01418009857,250845.93979059748,248958.20100592214,
Mean cost: 249419.05165887275
Std Deviation: 1060540.4917260855
Best path:
Distance:248453.01418009857
Path: [95, 32, 2, 45, 50, 21, 25, 63, 96, 24, 13, 47, 37, 11, 64, 74, 33, 17, 61, 49, 29, 42, 35, 89, 20, 65, 86, 4, 48, 88, 78, 79, 30, 53, 46, 75, 3, 1, 12, 8, 60, 82, 59, 73, 93, 66, 34, 80, 27, 67, 98, 44, 77, 54, 91, 9, 19, 87, 56, 43, 97, 83, 31, 55, 26, 14, 16, 100, 90, 85, 36, 68, 38, 52, 18, 81, 15, 28, 62, 40, 23, 69, 84, 57, 51, 94, 71, 22, 7, 92, 41, 6, 76, 10, 5, 70, 58, 99, 39, 72]

Input: kroC100.tsp
Costs: 
248461.58282683018,251809.10627000872,252229.0268593678,
Mean cost: 250833.2386520689
Std Deviation: 2841764.5602556407
Best path:
Distance:248461.58282683018
Path: [41, 13, 74, 8, 44, 98, 4, 90, 87, 17, 3, 24, 70, 53, 77, 49, 80, 57, 27, 21, 82, 83, 84, 88, 66, 67, 33, 47, 97, 42, 59, 64, 89, 7, 94, 18, 71, 63, 39, 36, 50, 78, 95, 40, 69, 85, 30, 26, 54, 14, 15, 2, 99, 5, 29, 31, 96, 25, 100, 34, 48, 38, 61, 91, 46, 23, 12, 43, 51, 62, 37, 72, 19, 6, 81, 65, 68, 79, 73, 55, 45, 20, 10, 22, 52, 75, 11, 58, 16, 56, 9, 86, 93, 28, 92, 76, 32, 60, 35, 1]

Input: kroD100.tsp
Costs: 
233566.9620767495,232647.65735532463,234094.1153804879,
Mean cost: 233436.24493752068
Std Deviation: 357250.2883372902
Best path:
Distance:232647.65735532463
Path: [67, 44, 61, 92, 66, 3, 38, 87, 17, 6, 42, 9, 15, 57, 40, 94, 48, 52, 5, 22, 51, 80, 35, 76, 19, 8, 53, 49, 59, 29, 30, 36, 60, 7, 4, 31, 77, 74, 43, 89, 18, 91, 82, 34, 26, 32, 47, 98, 10, 70, 64, 58, 62, 69, 25, 27, 95, 81, 37, 75, 83, 45, 84, 12, 1, 85, 50, 96, 13, 33, 39, 99, 79, 68, 63, 14, 71, 72, 73, 78, 54, 21, 90, 55, 46, 100, 23, 2, 16, 97, 20, 88, 28, 11, 86, 41, 56, 24, 65, 93]

Input: lin105.tsp
Costs: 
177223.2523382457,176673.173286784,177121.70947786467,
Mean cost: 177006.04503429812
Std Deviation: 57120.29222894391
Best path:
Distance:176673.173286784
Path: [39, 59, 38, 32, 74, 30, 94, 29, 87, 49, 60, 56, 8, 79, 24, 84, 28, 69, 6, 75, 2, 53, 1, 54, 9, 96, 46, 50, 100, 10, 63, 7, 62, 104, 80, 21, 65, 40, 42, 78, 16, 77, 23, 68, 20, 90, 15, 95, 45, 58, 48, 35, 105, 34, 55, 61, 51, 66, 31, 88, 11, 57, 36, 92, 12, 81, 103, 93, 3, 99, 33, 70, 44, 76, 18, 101, 26, 97, 4, 71, 14, 64, 25, 102, 17, 86, 52, 83, 41, 72, 47, 13, 82, 43, 91, 37, 73, 27, 98, 22, 89, 19, 85, 5, 67]

Input: pcb442.tsp
Costs: 
1058424.5983537086,1048780.7886929826,1050177.3951635188,
Mean cost: 1052460.9274034032
Std Deviation: 1.8107770540681355E7
Best path:
Distance:1048780.7886929826
Path: [334, 351, 45, 141, 341, 313, 90, 363, 228, 379, 390, 270, 437, 211, 237, 187, 372, 41, 260, 246, 360, 44, 204, 13, 418, 124, 358, 135, 290, 123, 152, 364, 67, 375, 50, 347, 190, 338, 118, 227, 157, 349, 77, 302, 52, 354, 377, 66, 296, 115, 394, 37, 299, 126, 327, 83, 303, 10, 352, 413, 22, 440, 158, 2, 374, 188, 326, 139, 306, 105, 425, 208, 321, 18, 245, 24, 323, 163, 438, 127, 331, 76, 236, 82, 373, 140, 254, 120, 424, 206, 36, 404, 106, 365, 192, 401, 196, 104, 265, 153, 112, 175, 25, 343, 381, 412, 1, 366, 75, 305, 150, 98, 434, 436, 342, 96, 311, 184, 200, 336, 34, 298, 155, 406, 216, 389, 268, 387, 220, 6, 219, 176, 369, 166, 243, 143, 291, 91, 407, 55, 319, 388, 276, 33, 279, 203, 274, 156, 393, 53, 340, 87, 241, 217, 359, 385, 221, 395, 409, 154, 262, 69, 183, 172, 130, 284, 215, 240, 195, 244, 63, 315, 402, 51, 259, 74, 60, 318, 384, 247, 122, 422, 72, 367, 23, 214, 14, 322, 97, 80, 300, 107, 333, 439, 357, 21, 297, 73, 249, 121, 222, 380, 231, 370, 42, 430, 39, 202, 337, 38, 125, 309, 224, 31, 308, 113, 277, 199, 426, 49, 301, 15, 232, 138, 58, 312, 128, 218, 282, 148, 186, 410, 269, 133, 433, 47, 416, 119, 339, 111, 191, 382, 253, 93, 273, 209, 185, 30, 234, 419, 5, 257, 177, 294, 391, 324, 81, 287, 28, 252, 145, 405, 368, 70, 295, 79, 258, 26, 266, 378, 201, 441, 170, 271, 182, 46, 427, 11, 356, 189, 210, 397, 137, 335, 212, 56, 403, 178, 316, 142, 293, 54, 320, 12, 345, 136, 101, 392, 423, 165, 225, 230, 181, 348, 109, 281, 147, 3, 344, 169, 280, 146, 350, 17, 289, 207, 149, 64, 286, 132, 164, 420, 428, 19, 272, 114, 376, 250, 117, 307, 267, 110, 242, 168, 317, 89, 362, 161, 131, 263, 16, 180, 20, 435, 179, 292, 68, 171, 35, 429, 386, 329, 40, 198, 103, 275, 173, 29, 415, 194, 229, 432, 239, 411, 102, 167, 251, 108, 421, 134, 399, 59, 353, 86, 355, 57, 285, 248, 84, 288, 43, 328, 85, 278, 129, 226, 71, 304, 7, 233, 197, 151, 261, 235, 88, 238, 193, 223, 383, 283, 159, 417, 205, 310, 160, 174, 431, 27, 330, 162, 408, 65, 346, 61, 116, 94, 396, 95, 314, 48, 255, 442, 62, 400, 92, 213, 361, 8, 332, 4, 256, 78, 264, 32, 325, 144, 100, 371, 9, 398, 414, 99]

Input: st70.tsp
Costs: 
5275.644429493033,5300.459374410562,5288.962214376276,
Mean cost: 5288.355339426624
Std Deviation: 102.81439714559014
Best path:
Distance:5275.644429493033
Path: [24, 17, 22, 61, 57, 54, 19, 48, 2, 60, 69, 34, 66, 21, 38, 27, 13, 9, 35, 43, 23, 42, 5, 8, 64, 49, 65, 32, 50, 14, 16, 41, 37, 6, 56, 55, 51, 26, 33, 15, 62, 4, 52, 3, 53, 46, 36, 44, 1, 30, 47, 20, 10, 28, 58, 68, 70, 25, 59, 39, 63, 12, 31, 45, 29, 40, 18, 11, 7, 67]

