Input: eil101.tsp
Costs: 
4732.35622174535,4698.569764169393,4768.934475233678,
Mean cost: 4733.286820382807
Std Deviation: 825.6317674387388
Best path:
Distance:4698.569764169393
Path: [44, 101, 32, 92, 71, 22, 83, 3, 93, 54, 82, 74, 6, 68, 86, 89, 70, 87, 64, 72, 11, 28, 8, 75, 90, 41, 47, 39, 48, 56, 27, 45, 67, 36, 15, 30, 85, 40, 63, 23, 19, 94, 55, 16, 50, 59, 81, 14, 33, 38, 79, 18, 95, 1, 26, 5, 29, 62, 57, 20, 53, 10, 2, 52, 4, 60, 76, 42, 7, 25, 96, 88, 21, 46, 24, 98, 65, 13, 49, 77, 61, 31, 80, 17, 34, 43, 66, 97, 78, 37, 69, 73, 91, 51, 99, 12, 84, 58, 9, 100, 35]

Input: eil51.tsp
Costs: 
2291.257121505419,2314.49345329739,2277.712268574937,
Mean cost: 2294.4876144592486
Std Deviation: 230.6939672935723
Best path:
Distance:2277.712268574937
Path: [16, 4, 32, 30, 25, 2, 40, 38, 23, 45, 26, 33, 8, 5, 48, 34, 51, 36, 19, 46, 29, 14, 50, 41, 35, 13, 20, 37, 12, 1, 10, 7, 49, 6, 21, 47, 22, 15, 31, 17, 11, 43, 39, 27, 44, 28, 42, 3, 18, 9, 24]

Input: eil76.tsp
Costs: 
3424.719231825519,3486.0095732919694,3478.0654436973373,
Mean cost: 3462.9314162716087
Std Deviation: 740.6037192403747
Best path:
Distance:3424.719231825519
Path: [58, 41, 59, 1, 12, 29, 18, 52, 48, 49, 45, 46, 16, 27, 17, 28, 11, 23, 54, 56, 68, 66, 33, 37, 25, 69, 19, 43, 7, 22, 75, 65, 61, 72, 20, 3, 60, 24, 13, 51, 8, 76, 36, 40, 34, 64, 14, 2, 38, 42, 53, 74, 55, 5, 67, 44, 70, 9, 57, 63, 10, 4, 62, 26, 47, 50, 15, 6, 35, 73, 31, 71, 32, 21, 39, 30]

Input: kroA100.tsp
Costs: 
240589.51405523473,242707.17430665172,242344.1338483265,
Mean cost: 241880.27407007097
Std Deviation: 854997.1036802131
Best path:
Distance:240589.51405523473
Path: [7, 99, 69, 47, 83, 80, 45, 82, 91, 14, 56, 11, 76, 21, 33, 72, 93, 48, 79, 68, 59, 95, 15, 40, 12, 19, 23, 67, 35, 44, 98, 85, 6, 29, 53, 52, 22, 30, 74, 64, 57, 18, 25, 88, 41, 1, 17, 31, 46, 75, 39, 51, 97, 9, 58, 54, 36, 87, 66, 86, 94, 71, 63, 100, 90, 5, 28, 42, 27, 26, 62, 50, 49, 34, 89, 55, 70, 43, 65, 3, 24, 81, 8, 77, 73, 38, 37, 10, 78, 92, 60, 2, 32, 13, 84, 61, 4, 20, 96, 16]

Input: kroC100.tsp
Costs: 
243336.62223076695,242604.07538865137,244494.13322389082,
Mean cost: 243478.27694776971
Std Deviation: 605419.4661829065
Best path:
Distance:242604.07538865137
Path: [72, 7, 21, 24, 76, 31, 11, 98, 14, 6, 33, 67, 86, 93, 50, 52, 75, 66, 95, 99, 25, 45, 17, 48, 8, 57, 55, 100, 88, 18, 3, 64, 10, 83, 1, 73, 54, 82, 62, 44, 38, 61, 23, 12, 68, 29, 80, 96, 22, 87, 34, 92, 71, 51, 56, 60, 46, 43, 37, 13, 2, 26, 91, 53, 30, 85, 97, 79, 74, 20, 77, 84, 90, 19, 39, 4, 78, 70, 15, 16, 59, 58, 69, 40, 41, 47, 63, 28, 81, 42, 36, 65, 32, 94, 49, 5, 9, 35, 27, 89]

Input: kroD100.tsp
Costs: 
228277.67904283173,225822.28540894017,228206.0341179341,
Mean cost: 227435.33285656865
Std Deviation: 1301816.533361002
Best path:
Distance:225822.28540894017
Path: [26, 8, 48, 67, 2, 29, 30, 75, 39, 45, 59, 17, 69, 100, 7, 35, 36, 25, 89, 18, 77, 80, 71, 68, 73, 64, 22, 93, 57, 4, 97, 95, 94, 76, 44, 23, 82, 60, 96, 49, 55, 46, 37, 65, 13, 31, 62, 74, 40, 98, 87, 66, 10, 1, 99, 41, 56, 38, 43, 83, 34, 85, 79, 14, 53, 11, 86, 50, 54, 9, 52, 19, 78, 84, 47, 91, 61, 5, 16, 58, 6, 27, 21, 24, 28, 63, 33, 15, 90, 20, 32, 12, 81, 3, 70, 92, 42, 51, 72, 88]

Input: lin105.tsp
Costs: 
174421.79240227194,174773.0108272915,174406.9544954051,
Mean cost: 174533.91924165617
Std Deviation: 28619.0870741692
Best path:
Distance:174406.9544954051
Path: [42, 6, 76, 19, 97, 25, 86, 16, 92, 35, 68, 52, 24, 80, 54, 104, 94, 28, 90, 20, 93, 15, 58, 67, 17, 84, 3, 63, 51, 66, 31, 53, 48, 46, 101, 36, 85, 38, 45, 62, 1, 73, 43, 32, 88, 44, 102, 18, 79, 27, 83, 37, 78, 14, 96, 8, 71, 13, 59, 60, 49, 65, 40, 41, 69, 21, 89, 23, 74, 33, 77, 5, 56, 70, 2, 98, 29, 81, 26, 82, 47, 95, 7, 57, 39, 50, 87, 11, 100, 10, 61, 103, 72, 9, 91, 4, 105, 12, 99, 30, 55, 75, 22, 34, 64]

Input: pcb442.tsp
Costs: 
999718.1729887788,1019039.9354841561,1001459.018026392,
Mean cost: 1006739.0421664423
Std Deviation: 7.616107844771877E7
Best path:
Distance:999718.1729887788
Path: [269, 12, 368, 441, 191, 371, 47, 329, 19, 415, 62, 175, 383, 347, 40, 360, 341, 61, 282, 319, 140, 200, 268, 149, 220, 3, 193, 276, 299, 379, 326, 141, 422, 163, 364, 117, 284, 134, 1, 295, 429, 59, 182, 343, 382, 306, 70, 430, 189, 96, 392, 348, 199, 401, 275, 5, 323, 260, 13, 241, 436, 161, 287, 110, 357, 153, 353, 109, 204, 442, 434, 187, 145, 428, 87, 233, 114, 179, 297, 67, 18, 152, 303, 36, 286, 437, 84, 342, 385, 258, 266, 219, 424, 38, 158, 325, 77, 237, 387, 384, 172, 159, 214, 351, 413, 352, 402, 169, 231, 98, 249, 64, 313, 195, 439, 236, 389, 372, 100, 406, 438, 103, 373, 170, 174, 378, 216, 386, 120, 311, 111, 393, 345, 10, 291, 21, 426, 29, 173, 416, 178, 127, 272, 16, 333, 394, 302, 11, 344, 88, 225, 50, 256, 212, 156, 15, 255, 234, 261, 86, 264, 289, 48, 267, 215, 121, 427, 251, 65, 115, 224, 138, 148, 293, 76, 431, 17, 192, 354, 37, 290, 69, 122, 274, 412, 196, 45, 366, 186, 332, 49, 245, 124, 83, 232, 22, 263, 305, 397, 336, 312, 106, 338, 119, 356, 253, 95, 166, 320, 44, 370, 89, 301, 132, 321, 198, 400, 404, 51, 202, 209, 407, 135, 248, 131, 136, 365, 43, 375, 46, 281, 262, 130, 201, 143, 128, 409, 73, 279, 113, 285, 390, 435, 380, 433, 85, 277, 31, 403, 330, 107, 30, 240, 90, 339, 157, 308, 23, 307, 150, 205, 221, 252, 104, 335, 254, 162, 197, 381, 213, 346, 80, 355, 81, 171, 41, 410, 35, 411, 118, 116, 147, 294, 97, 395, 324, 133, 190, 32, 126, 60, 310, 33, 309, 361, 75, 359, 155, 328, 25, 177, 408, 271, 56, 349, 208, 283, 206, 8, 292, 388, 139, 317, 24, 154, 222, 93, 396, 28, 246, 223, 298, 105, 230, 39, 304, 180, 414, 239, 123, 79, 417, 54, 421, 91, 399, 423, 227, 419, 55, 374, 188, 250, 217, 405, 363, 4, 94, 244, 20, 183, 273, 146, 66, 92, 316, 137, 420, 151, 194, 207, 238, 265, 185, 160, 418, 72, 337, 68, 369, 82, 340, 334, 165, 322, 63, 228, 168, 242, 142, 377, 440, 296, 52, 280, 432, 108, 300, 71, 125, 9, 398, 327, 129, 318, 164, 218, 315, 27, 358, 235, 181, 362, 42, 350, 144, 211, 259, 58, 2, 425, 376, 247, 26, 257, 102, 184, 7, 367, 53, 331, 78, 288, 391, 14, 112, 243, 101, 229, 57, 210, 270, 203, 74, 278, 6, 314, 34, 167, 176, 99, 226]

Input: st70.tsp
Costs: 
5252.090280016327,5093.601473766655,5160.512322145802,
Mean cost: 5168.734691976261
Std Deviation: 4220.2539672221055
Best path:
Distance:5093.601473766655
Path: [5, 40, 22, 42, 54, 53, 24, 17, 52, 4, 34, 66, 67, 7, 65, 14, 10, 28, 50, 8, 56, 44, 70, 45, 38, 32, 51, 2, 48, 55, 16, 46, 13, 43, 59, 62, 15, 33, 18, 37, 20, 58, 27, 1, 61, 63, 60, 49, 69, 12, 31, 30, 23, 68, 47, 3, 29, 39, 35, 9, 36, 25, 6, 64, 41, 19, 11, 57, 21, 26]

