Input: eil101.tsp
Costs: 
3872.1367936444835,4014.3696515091574,3842.804889749573,
Mean cost: 3909.770444967738
Std Deviation: 5613.89043556398
Best path:
Distance:3842.804889749573
Path: [47, 4, 56, 13, 79, 59, 19, 23, 21, 49, 50, 41, 29, 12, 22, 27, 73, 76, 44, 53, 65, 2, 82, 68, 33, 97, 34, 10, 80, 93, 71, 95, 32, 96, 77, 83, 31, 87, 94, 63, 75, 85, 57, 14, 45, 54, 16, 7, 26, 99, 6, 91, 51, 40, 43, 64, 35, 98, 17, 101, 38, 78, 92, 30, 100, 25, 61, 69, 42, 9, 48, 55, 37, 86, 72, 18, 62, 28, 5, 24, 11, 39, 89, 8, 60, 52, 1, 70, 46, 74, 84, 3, 58, 36, 15, 81, 67, 20, 90, 66, 88]

Input: eil51.tsp
Costs: 
1916.5307808617695,1954.0103452216663,2001.1465964960362,
Mean cost: 1957.2292408598241
Std Deviation: 1198.4866871400443
Best path:
Distance:1916.5307808617695
Path: [35, 17, 22, 29, 8, 12, 26, 10, 2, 13, 15, 21, 20, 14, 47, 3, 18, 34, 5, 4, 23, 42, 51, 9, 19, 7, 25, 16, 46, 45, 32, 33, 24, 38, 50, 48, 11, 27, 40, 39, 36, 41, 49, 6, 31, 30, 43, 28, 44, 1, 37]

Input: eil76.tsp
Costs: 
2905.3527096825774,2915.61250286298,2970.7038947163473,
Mean cost: 2930.556369087302
Std Deviation: 823.4557997515507
Best path:
Distance:2905.3527096825774
Path: [62, 69, 38, 2, 11, 34, 57, 61, 23, 53, 22, 31, 70, 9, 7, 30, 16, 46, 72, 65, 56, 28, 51, 71, 40, 75, 1, 19, 17, 3, 10, 49, 37, 29, 55, 36, 64, 25, 44, 27, 41, 14, 33, 21, 45, 63, 26, 54, 39, 47, 35, 42, 4, 12, 32, 52, 73, 50, 8, 58, 6, 60, 13, 43, 68, 20, 67, 74, 66, 15, 76, 24, 5, 18, 48, 59]

Input: kroA100.tsp
Costs: 
199090.8568915603,214761.09737149463,200527.2276342155,
Mean cost: 204793.0606324235
Std Deviation: 5.002473836746209E7
Best path:
Distance:199090.8568915603
Path: [14, 22, 12, 68, 75, 62, 27, 45, 49, 46, 28, 26, 52, 13, 90, 25, 92, 10, 16, 56, 99, 54, 34, 78, 63, 94, 60, 31, 30, 98, 69, 59, 6, 9, 79, 91, 70, 7, 33, 17, 48, 24, 72, 11, 5, 36, 83, 66, 29, 73, 1, 67, 95, 38, 82, 84, 42, 100, 18, 89, 55, 53, 43, 23, 81, 76, 74, 41, 50, 15, 44, 57, 8, 37, 40, 96, 88, 39, 93, 4, 32, 80, 21, 51, 64, 20, 61, 58, 77, 85, 47, 35, 87, 3, 2, 65, 86, 19, 71, 97]

Input: kroC100.tsp
Costs: 
191887.68403186527,206243.032441161,193837.07594486544,
Mean cost: 197322.59747263056
Std Deviation: 4.04204348189686E7
Best path:
Distance:191887.68403186527
Path: [95, 52, 30, 28, 80, 96, 43, 44, 91, 24, 14, 50, 8, 81, 5, 29, 21, 56, 13, 16, 34, 23, 41, 31, 37, 26, 83, 97, 59, 60, 27, 46, 58, 87, 47, 40, 57, 49, 25, 36, 48, 94, 10, 82, 98, 92, 32, 22, 73, 51, 19, 65, 54, 35, 12, 78, 38, 33, 74, 9, 86, 77, 7, 88, 45, 100, 55, 6, 18, 2, 70, 20, 72, 89, 99, 61, 76, 11, 64, 71, 75, 39, 84, 15, 17, 4, 69, 90, 85, 93, 53, 68, 1, 79, 63, 3, 62, 67, 66, 42]

Input: kroD100.tsp
Costs: 
189105.87702627617,187185.01187684704,194273.2458542995,
Mean cost: 190188.0449191409
Std Deviation: 8959387.160692194
Best path:
Distance:187185.01187684704
Path: [77, 69, 21, 75, 82, 81, 48, 96, 33, 62, 40, 23, 22, 43, 16, 93, 45, 17, 99, 73, 36, 12, 39, 4, 51, 68, 24, 76, 32, 85, 84, 86, 26, 57, 65, 28, 94, 18, 70, 19, 30, 31, 44, 67, 63, 97, 5, 6, 100, 60, 74, 2, 90, 20, 52, 47, 11, 59, 46, 55, 1, 88, 56, 95, 34, 79, 25, 27, 92, 64, 78, 10, 38, 89, 7, 98, 3, 58, 37, 8, 71, 72, 66, 9, 35, 29, 53, 54, 80, 42, 14, 15, 87, 13, 91, 49, 61, 41, 83, 50]

Input: lin105.tsp
Costs: 
150729.44017883015,145855.7920092158,143677.29840244263,
Mean cost: 146754.1768634962
Std Deviation: 8692331.612245223
Best path:
Distance:143677.29840244263
Path: [20, 43, 96, 88, 42, 104, 3, 94, 46, 65, 67, 63, 80, 15, 90, 72, 38, 62, 27, 78, 79, 2, 86, 4, 70, 12, 95, 25, 41, 26, 22, 87, 1, 82, 21, 52, 11, 5, 76, 85, 32, 31, 66, 36, 30, 60, 98, 18, 44, 91, 40, 83, 13, 23, 64, 93, 47, 99, 34, 77, 14, 57, 19, 48, 105, 102, 39, 9, 54, 35, 74, 69, 7, 10, 92, 58, 8, 49, 68, 37, 75, 50, 33, 97, 17, 55, 29, 61, 6, 101, 28, 56, 59, 53, 103, 81, 51, 84, 16, 73, 89, 71, 24, 100, 45]

Input: pcb442.tsp
Costs: 
844097.591478303,831276.5906656123,836676.8183970263,
Mean cost: 837350.3335136472
Std Deviation: 2.7623154945994373E7
Best path:
Distance:831276.5906656123
Path: [91, 234, 25, 251, 363, 48, 118, 119, 241, 163, 406, 364, 246, 428, 85, 81, 110, 20, 9, 391, 99, 331, 225, 436, 325, 66, 101, 171, 156, 424, 183, 177, 293, 342, 434, 375, 275, 16, 340, 268, 63, 430, 72, 297, 27, 30, 343, 59, 194, 321, 17, 300, 394, 135, 173, 284, 381, 12, 282, 286, 111, 309, 117, 172, 377, 28, 393, 115, 291, 356, 383, 327, 411, 50, 22, 290, 42, 389, 237, 362, 103, 236, 247, 130, 122, 176, 74, 205, 211, 53, 34, 417, 208, 136, 264, 273, 133, 21, 181, 415, 143, 311, 61, 253, 350, 221, 188, 47, 323, 43, 209, 250, 439, 332, 435, 252, 155, 243, 306, 224, 314, 159, 240, 317, 255, 26, 313, 38, 226, 95, 160, 408, 337, 201, 127, 97, 121, 120, 341, 87, 248, 413, 222, 353, 232, 271, 174, 429, 158, 65, 437, 142, 367, 385, 378, 204, 54, 358, 319, 260, 407, 409, 347, 215, 440, 235, 398, 129, 303, 78, 403, 395, 349, 84, 301, 167, 96, 231, 345, 431, 249, 58, 272, 114, 217, 7, 3, 213, 131, 75, 70, 184, 195, 19, 441, 141, 212, 294, 153, 265, 1, 144, 285, 420, 239, 113, 326, 369, 322, 192, 116, 13, 307, 180, 355, 49, 37, 370, 146, 310, 387, 399, 168, 71, 379, 77, 210, 149, 134, 79, 281, 102, 279, 373, 179, 277, 104, 124, 2, 23, 298, 425, 396, 108, 35, 365, 145, 308, 438, 45, 305, 390, 106, 344, 433, 197, 229, 404, 140, 112, 11, 190, 214, 41, 320, 132, 18, 259, 287, 376, 419, 261, 137, 402, 312, 33, 55, 346, 94, 334, 242, 405, 191, 366, 386, 218, 333, 238, 154, 304, 203, 182, 354, 39, 147, 299, 169, 175, 207, 280, 125, 244, 90, 10, 262, 199, 202, 289, 151, 245, 14, 8, 88, 316, 382, 359, 5, 418, 295, 62, 416, 68, 335, 258, 371, 269, 206, 44, 51, 266, 105, 164, 288, 384, 29, 274, 228, 339, 31, 230, 89, 374, 170, 57, 422, 86, 302, 227, 178, 200, 292, 109, 93, 186, 283, 270, 60, 397, 351, 100, 256, 254, 233, 198, 187, 157, 139, 123, 263, 360, 80, 401, 220, 82, 196, 138, 423, 4, 276, 64, 421, 324, 278, 315, 357, 107, 150, 410, 412, 329, 223, 219, 73, 336, 414, 46, 318, 56, 368, 40, 128, 442, 15, 185, 52, 67, 193, 76, 296, 352, 148, 330, 361, 161, 432, 166, 328, 36, 165, 98, 427, 92, 392, 400, 32, 426, 380, 83, 267, 162, 372, 69, 348, 126, 24, 257, 152, 189, 216, 338, 388, 6]

Input: st70.tsp
Costs: 
4120.707188812982,4209.065134444982,4211.39036672859,
Mean cost: 4180.387563328851
Std Deviation: 1781.774668705995
Best path:
Distance:4120.707188812982
Path: [40, 22, 65, 42, 59, 24, 27, 16, 12, 55, 51, 32, 23, 2, 68, 50, 58, 46, 26, 69, 30, 39, 21, 28, 9, 17, 67, 66, 33, 38, 11, 29, 5, 36, 48, 15, 13, 54, 53, 25, 47, 64, 4, 7, 18, 3, 56, 45, 57, 41, 62, 8, 19, 31, 43, 37, 34, 1, 44, 63, 14, 10, 35, 52, 20, 60, 6, 61, 49, 70]

