Input: eil101.tsp
Costs: 
3629.1144619851343,3791.598054485001,3771.2352158669587,
Mean cost: 3730.6492441123646
Std Deviation: 5223.7635235761345
Best path:
Distance:3629.1144619851343
Path: [20, 100, 79, 4, 98, 53, 37, 8, 87, 62, 5, 89, 99, 63, 22, 73, 29, 74, 93, 86, 10, 3, 14, 77, 83, 71, 68, 67, 9, 94, 28, 23, 49, 18, 65, 78, 39, 1, 6, 43, 91, 95, 27, 46, 38, 11, 45, 70, 12, 76, 66, 56, 13, 96, 30, 36, 75, 34, 59, 101, 7, 72, 84, 35, 40, 64, 41, 60, 26, 52, 2, 54, 47, 92, 44, 90, 17, 15, 50, 33, 19, 32, 55, 58, 42, 81, 24, 69, 88, 21, 31, 97, 80, 61, 51, 82, 16, 25, 85, 57, 48]

Input: eil51.tsp
Costs: 
1934.2348371542005,1945.7015875525024,1872.0325316311712,
Mean cost: 1917.322985445958
Std Deviation: 1047.526997490828
Best path:
Distance:1872.0325316311712
Path: [32, 5, 14, 49, 48, 16, 19, 28, 21, 47, 46, 44, 26, 9, 40, 50, 30, 2, 4, 12, 25, 20, 45, 43, 27, 8, 15, 10, 42, 1, 36, 24, 39, 23, 7, 3, 17, 22, 51, 29, 41, 35, 13, 6, 33, 37, 11, 31, 18, 34, 38]

Input: eil76.tsp
Costs: 
2781.948801057868,2727.010073353042,2851.0722021542224,
Mean cost: 2786.6770255217107
Std Deviation: 2576.4133537370153
Best path:
Distance:2727.010073353042
Path: [44, 45, 75, 38, 70, 17, 8, 31, 71, 41, 74, 10, 61, 52, 43, 22, 65, 49, 35, 51, 30, 13, 20, 21, 46, 66, 47, 53, 29, 58, 3, 56, 59, 62, 26, 5, 18, 4, 1, 76, 55, 33, 24, 27, 40, 32, 73, 54, 37, 42, 72, 16, 69, 63, 15, 2, 25, 50, 19, 67, 11, 12, 34, 14, 48, 60, 68, 9, 23, 39, 36, 7, 6, 28, 64, 57]

Input: kroA100.tsp
Costs: 
180459.3840305205,193223.01606535842,183131.26316498005,
Mean cost: 185604.55442028632
Std Deviation: 3.0210301936910663E7
Best path:
Distance:180459.3840305205
Path: [45, 41, 3, 70, 56, 67, 48, 24, 68, 16, 7, 82, 84, 95, 53, 14, 38, 46, 58, 49, 74, 61, 86, 81, 83, 51, 94, 35, 40, 31, 55, 93, 32, 57, 69, 10, 15, 66, 36, 13, 21, 88, 73, 2, 91, 34, 12, 98, 8, 39, 78, 64, 59, 52, 65, 22, 23, 79, 20, 18, 92, 19, 42, 90, 37, 54, 25, 63, 26, 99, 75, 50, 43, 6, 29, 11, 87, 44, 72, 4, 17, 89, 60, 71, 33, 9, 96, 27, 97, 77, 62, 76, 1, 5, 100, 47, 28, 85, 80, 30]

Input: kroC100.tsp
Costs: 
186394.7093139982,191398.76213559567,185709.19666328622,
Mean cost: 187834.22270429335
Std Deviation: 6431291.944368838
Best path:
Distance:185709.19666328622
Path: [76, 74, 85, 35, 41, 62, 51, 88, 96, 64, 48, 47, 83, 97, 42, 17, 65, 13, 68, 27, 30, 84, 38, 91, 40, 89, 71, 32, 60, 25, 34, 49, 54, 75, 53, 7, 59, 28, 33, 95, 86, 46, 45, 37, 15, 58, 79, 52, 66, 100, 14, 98, 36, 22, 43, 12, 44, 9, 67, 24, 70, 19, 10, 11, 56, 99, 80, 81, 90, 39, 1, 63, 8, 57, 6, 3, 4, 21, 73, 5, 61, 2, 93, 72, 29, 20, 26, 55, 77, 69, 82, 50, 78, 87, 18, 16, 23, 94, 92, 31]

Input: kroD100.tsp
Costs: 
180210.32012955184,173131.0602342769,170565.49622118977,
Mean cost: 174635.6255283395
Std Deviation: 1.6635629732600948E7
Best path:
Distance:170565.49622118977
Path: [66, 33, 2, 1, 79, 21, 12, 54, 55, 59, 72, 40, 24, 18, 50, 13, 36, 20, 7, 45, 78, 86, 85, 34, 23, 28, 99, 57, 19, 42, 25, 73, 76, 100, 10, 96, 58, 3, 44, 32, 56, 37, 47, 81, 91, 52, 98, 6, 62, 93, 35, 67, 5, 82, 49, 92, 29, 4, 63, 41, 68, 64, 15, 27, 80, 53, 90, 39, 74, 87, 31, 26, 97, 88, 69, 83, 95, 14, 46, 70, 61, 71, 38, 17, 65, 9, 16, 51, 48, 94, 43, 75, 77, 89, 22, 8, 84, 30, 11, 60]

Input: lin105.tsp
Costs: 
132943.5283656064,134167.34572978006,141551.98157353405,
Mean cost: 136220.9518896402
Std Deviation: 1.4459560235420978E7
Best path:
Distance:132943.5283656064
Path: [64, 43, 20, 87, 7, 1, 67, 96, 23, 90, 92, 57, 32, 94, 79, 17, 95, 69, 31, 56, 19, 98, 12, 84, 30, 36, 8, 59, 18, 74, 71, 50, 22, 63, 45, 75, 21, 83, 3, 97, 44, 76, 105, 66, 85, 9, 47, 73, 55, 6, 4, 61, 82, 14, 81, 42, 2, 10, 40, 38, 48, 15, 49, 89, 29, 35, 102, 54, 88, 62, 70, 27, 33, 5, 13, 101, 77, 93, 25, 91, 41, 46, 86, 53, 78, 104, 103, 28, 60, 58, 65, 34, 39, 99, 11, 26, 51, 52, 24, 68, 37, 100, 16, 80, 72]

Input: pcb442.tsp
Costs: 
792761.4729682335,777420.5124167365,778117.818884755,
Mean cost: 782766.6014232417
Std Deviation: 5.002976798550067E7
Best path:
Distance:777420.5124167365
Path: [432, 129, 359, 136, 436, 300, 408, 301, 387, 250, 27, 131, 63, 412, 398, 242, 11, 158, 230, 159, 155, 208, 34, 170, 350, 265, 72, 327, 130, 183, 154, 246, 420, 30, 127, 179, 176, 364, 339, 36, 252, 376, 44, 294, 254, 39, 377, 326, 190, 187, 106, 345, 318, 186, 365, 28, 110, 312, 217, 422, 173, 1, 139, 70, 374, 6, 375, 101, 13, 293, 251, 307, 324, 290, 347, 276, 355, 189, 133, 111, 288, 102, 272, 329, 175, 257, 160, 428, 98, 275, 132, 258, 152, 146, 247, 71, 10, 431, 234, 228, 138, 261, 223, 150, 59, 168, 40, 167, 434, 86, 32, 214, 26, 73, 267, 108, 425, 429, 277, 197, 303, 7, 237, 395, 200, 419, 222, 118, 156, 325, 270, 162, 2, 117, 235, 285, 353, 437, 206, 157, 191, 328, 410, 401, 322, 417, 198, 93, 311, 332, 112, 51, 46, 386, 128, 399, 333, 231, 196, 52, 302, 416, 124, 438, 115, 61, 379, 104, 79, 181, 381, 140, 29, 280, 218, 382, 248, 64, 135, 362, 103, 392, 390, 418, 164, 310, 58, 60, 221, 232, 22, 358, 216, 14, 299, 57, 193, 298, 43, 356, 182, 4, 25, 409, 163, 366, 123, 349, 85, 116, 245, 8, 209, 268, 337, 271, 278, 433, 38, 304, 194, 423, 357, 308, 435, 141, 95, 226, 69, 202, 233, 120, 338, 295, 48, 188, 319, 367, 37, 306, 134, 321, 397, 292, 440, 75, 380, 76, 201, 3, 229, 213, 172, 396, 23, 65, 389, 148, 145, 393, 403, 119, 284, 426, 49, 15, 256, 323, 372, 391, 17, 273, 373, 260, 240, 317, 354, 348, 151, 282, 78, 370, 219, 31, 171, 81, 363, 264, 177, 402, 309, 137, 341, 77, 161, 126, 83, 91, 263, 383, 442, 313, 178, 331, 97, 220, 185, 342, 18, 281, 279, 174, 114, 439, 99, 80, 107, 388, 88, 262, 50, 239, 287, 89, 5, 413, 90, 314, 286, 351, 56, 45, 105, 259, 67, 283, 19, 266, 253, 394, 205, 210, 84, 169, 53, 361, 404, 33, 340, 142, 305, 211, 336, 241, 144, 269, 147, 35, 165, 207, 424, 243, 236, 9, 315, 204, 407, 334, 166, 66, 113, 316, 215, 184, 180, 414, 344, 411, 441, 82, 255, 21, 122, 296, 415, 55, 203, 335, 427, 47, 368, 87, 360, 24, 192, 343, 74, 274, 421, 62, 42, 199, 153, 378, 225, 369, 238, 20, 384, 125, 244, 212, 41, 249, 16, 227, 289, 346, 109, 100, 224, 406, 371, 92, 320, 385, 94, 195, 330, 400, 297, 149, 352, 291, 143, 54, 405, 430, 121, 96, 68, 12]

Input: st70.tsp
Costs: 
4155.932892018539,4106.802114035487,3912.3823008649656,
Mean cost: 4058.3724356396638
Std Deviation: 11058.865283303929
Best path:
Distance:3912.3823008649656
Path: [2, 46, 66, 37, 15, 56, 26, 22, 36, 67, 63, 12, 1, 44, 38, 20, 5, 29, 42, 21, 61, 14, 27, 59, 7, 34, 30, 49, 41, 35, 52, 40, 8, 45, 16, 17, 13, 11, 53, 57, 70, 54, 3, 58, 9, 39, 10, 62, 18, 65, 23, 4, 31, 68, 55, 64, 48, 47, 24, 43, 33, 6, 32, 19, 50, 69, 28, 25, 51, 60]

