Input: eil101.tsp
Costs: 
2456.0,
Mean cost: 2456.0
Std Deviation: 0.0
Best path:
Distance:2456.0
Path: [1, 100, 28, 70, 24, 11, 42, 15, 92, 2, 74, 6, 68, 8, 85, 18, 14, 52, 62, 45, 73, 53, 84, 99, 35, 40, 61, 72, 21, 29, 79, 78, 90, 67, 88, 9, 97, 23, 19, 34, 41, 94, 96, 98, 81, 86, 13, 89, 38, 43, 12, 93, 30, 66, 56, 58, 83, 46, 31, 54, 77, 27, 55, 16, 17, 82, 22, 60, 50, 95, 65, 57, 76, 20, 87, 36, 10, 51, 4, 37, 48, 5, 47, 25, 33, 7, 91, 59, 101, 80, 32, 26, 49, 64, 63, 69, 71, 75, 39, 3, 44]

Input: eil51.tsp
Costs: 
1168.0,
Mean cost: 1168.0
Std Deviation: 0.0
Best path:
Distance:1168.0
Path: [1, 4, 6, 16, 23, 38, 12, 8, 9, 29, 13, 3, 42, 25, 10, 17, 48, 34, 11, 14, 5, 45, 20, 44, 24, 41, 40, 43, 2, 49, 15, 35, 28, 31, 33, 30, 26, 22, 32, 7, 36, 50, 46, 51, 27, 19, 21, 39, 18, 37, 47]

Input: eil76.tsp
Costs: 
1770.0,
Mean cost: 1770.0
Std Deviation: 0.0
Best path:
Distance:1770.0
Path: [1, 20, 52, 37, 12, 27, 19, 2, 50, 43, 68, 8, 42, 70, 26, 56, 38, 36, 23, 51, 74, 16, 15, 71, 53, 28, 11, 54, 48, 44, 59, 47, 18, 45, 3, 57, 55, 32, 73, 72, 13, 60, 69, 9, 5, 62, 31, 76, 64, 40, 33, 41, 24, 75, 65, 6, 35, 34, 46, 30, 25, 58, 66, 39, 17, 49, 10, 14, 22, 4, 67, 63, 7, 29, 21, 61]

Input: kroA100.tsp
Costs: 
127366.0,
Mean cost: 127366.0
Std Deviation: 0.0
Best path:
Distance:127366.0
Path: [1, 63, 83, 77, 59, 49, 53, 68, 69, 60, 56, 90, 92, 39, 5, 58, 82, 17, 23, 99, 32, 12, 97, 35, 29, 71, 54, 36, 51, 81, 22, 87, 4, 9, 50, 26, 8, 98, 10, 2, 45, 19, 13, 80, 86, 88, 30, 95, 79, 24, 7, 74, 57, 11, 61, 76, 25, 75, 41, 62, 93, 42, 33, 48, 18, 6, 47, 31, 70, 43, 37, 85, 34, 65, 44, 52, 46, 40, 100, 28, 14, 15, 21, 38, 20, 55, 64, 89, 3, 94, 27, 73, 67, 66, 96, 78, 16, 91, 72, 84]

Input: kroC100.tsp
Costs: 
129441.0,
Mean cost: 129441.0
Std Deviation: 0.0
Best path:
Distance:129441.0
Path: [1, 25, 97, 93, 20, 38, 13, 26, 49, 76, 23, 32, 40, 81, 68, 46, 56, 75, 30, 29, 55, 58, 91, 73, 51, 64, 88, 99, 16, 44, 66, 33, 72, 24, 69, 15, 48, 96, 28, 4, 9, 37, 35, 80, 39, 14, 85, 63, 5, 17, 54, 60, 94, 10, 43, 59, 92, 79, 57, 95, 87, 84, 22, 98, 89, 77, 42, 100, 2, 52, 11, 18, 36, 67, 70, 19, 21, 61, 86, 41, 65, 50, 47, 3, 45, 12, 34, 74, 53, 82, 78, 8, 71, 90, 31, 27, 7, 83, 6, 62]

Input: kroD100.tsp
Costs: 
119114.0,
Mean cost: 119114.0
Std Deviation: 0.0
Best path:
Distance:119114.0
Path: [1, 68, 63, 86, 10, 88, 66, 3, 4, 64, 37, 49, 42, 48, 62, 5, 100, 13, 29, 44, 61, 46, 24, 27, 94, 28, 97, 16, 76, 70, 17, 32, 38, 41, 15, 35, 45, 99, 77, 75, 8, 58, 91, 11, 92, 12, 21, 73, 80, 56, 67, 95, 50, 87, 78, 83, 7, 51, 26, 52, 96, 89, 19, 71, 18, 59, 25, 82, 65, 22, 31, 90, 2, 39, 47, 57, 6, 72, 40, 36, 84, 81, 98, 20, 85, 30, 34, 54, 60, 53, 55, 43, 9, 74, 23, 69, 14, 93, 79, 33]

Input: lin105.tsp
Costs: 
89683.0,
Mean cost: 89683.0
Std Deviation: 0.0
Best path:
Distance:89683.0
Path: [1, 33, 69, 22, 60, 14, 95, 67, 28, 27, 16, 62, 64, 48, 88, 58, 52, 73, 18, 94, 78, 19, 39, 47, 26, 30, 15, 8, 104, 17, 75, 100, 63, 12, 56, 20, 6, 25, 59, 70, 80, 38, 97, 61, 72, 54, 46, 93, 37, 41, 3, 21, 79, 87, 65, 9, 7, 5, 91, 86, 49, 4, 24, 105, 11, 40, 89, 96, 13, 35, 36, 82, 84, 76, 10, 66, 44, 81, 68, 92, 42, 29, 90, 99, 51, 31, 55, 101, 71, 77, 103, 53, 34, 102, 74, 50, 85, 45, 32, 57, 83, 98, 2, 23, 43]

Input: pcb442.tsp
Costs: 
565216.0,
Mean cost: 565216.0
Std Deviation: 0.0
Best path:
Distance:565216.0
Path: [1, 353, 52, 335, 137, 237, 325, 124, 259, 244, 191, 300, 200, 233, 69, 367, 99, 299, 420, 247, 70, 234, 283, 47, 174, 140, 216, 363, 220, 227, 34, 306, 347, 266, 82, 418, 345, 419, 134, 41, 167, 11, 156, 23, 180, 73, 431, 229, 357, 18, 76, 410, 89, 319, 163, 240, 387, 107, 203, 193, 160, 323, 425, 298, 416, 122, 242, 213, 232, 142, 405, 67, 315, 74, 152, 366, 169, 4, 94, 175, 189, 86, 31, 370, 437, 246, 294, 324, 185, 327, 414, 393, 6, 261, 407, 157, 399, 26, 417, 295, 310, 102, 114, 21, 132, 254, 275, 123, 9, 16, 48, 231, 147, 355, 267, 148, 422, 198, 64, 100, 320, 384, 127, 289, 297, 311, 406, 28, 13, 153, 145, 179, 316, 339, 35, 68, 330, 199, 351, 78, 214, 125, 118, 10, 260, 130, 292, 155, 388, 280, 423, 439, 55, 29, 328, 258, 46, 236, 79, 397, 224, 364, 144, 150, 277, 62, 61, 304, 81, 376, 208, 50, 204, 121, 290, 53, 129, 251, 337, 321, 36, 313, 154, 181, 223, 92, 368, 383, 210, 433, 322, 161, 365, 430, 24, 14, 317, 196, 343, 391, 408, 255, 269, 338, 360, 42, 7, 442, 293, 176, 12, 361, 219, 274, 273, 331, 279, 98, 377, 264, 441, 83, 103, 139, 309, 378, 195, 171, 381, 39, 215, 332, 256, 253, 272, 2, 40, 184, 77, 194, 168, 250, 143, 120, 80, 225, 380, 188, 5, 75, 182, 133, 424, 415, 278, 318, 333, 66, 27, 59, 344, 58, 3, 403, 22, 201, 173, 49, 32, 395, 149, 392, 409, 372, 88, 211, 394, 93, 302, 386, 30, 263, 268, 190, 305, 440, 336, 281, 371, 95, 435, 270, 126, 379, 97, 400, 359, 165, 33, 369, 390, 326, 401, 212, 303, 105, 230, 109, 104, 248, 96, 15, 60, 413, 341, 183, 296, 421, 65, 209, 329, 72, 112, 119, 262, 284, 346, 178, 350, 164, 429, 249, 438, 436, 57, 136, 257, 159, 87, 286, 8, 373, 334, 312, 43, 170, 115, 146, 91, 138, 307, 396, 375, 265, 243, 113, 402, 56, 239, 245, 108, 192, 141, 205, 177, 398, 202, 116, 85, 389, 226, 252, 207, 158, 348, 20, 358, 314, 349, 51, 84, 340, 206, 342, 285, 427, 162, 222, 131, 106, 17, 63, 434, 271, 352, 301, 218, 382, 412, 241, 90, 354, 197, 166, 71, 362, 426, 110, 404, 308, 135, 44, 432, 428, 238, 25, 54, 288, 111, 356, 19, 117, 101, 385, 187, 374, 37, 221, 172, 45, 291, 411, 287, 217, 282, 151, 235, 186, 128, 38, 228, 276]

Input: pr2392.tsp
Costs: 
1.1265608E7,
Mean cost: 1.1265608E7
Std Deviation: 0.0
Best path:
Distance:1.1265608E7
Path: [1, 2265, 1335, 149, 2068, 1711, 354, 1588, 586, 608, 780, 1515, 2251, 31, 130, 19, 827, 639, 1694, 995, 399, 756, 1627, 1357, 276, 729, 251, 1763, 75, 452, 1441, 387, 2329, 991, 1445, 1740, 1356, 1989, 564, 884, 2292, 123, 183, 1684, 326, 406, 892, 1991, 1406, 689, 422, 1078, 1868, 2094, 530, 1662, 851, 246, 1470, 1498, 2218, 1348, 1283, 2335, 2154, 666, 536, 2370, 1652, 1604, 1904, 60, 925, 1999, 1685, 1936, 520, 1785, 1365, 2046, 371, 1555, 1301, 1710, 1370, 1897, 1343, 945, 665, 2280, 2261, 2203, 216, 1976, 632, 1006, 2282, 1281, 1021, 230, 1993, 798, 696, 1249, 2283, 6, 363, 950, 1940, 453, 1975, 2386, 1779, 858, 714, 904, 1263, 607, 953, 1672, 169, 765, 1277, 74, 1701, 1714, 2376, 518, 2066, 1340, 476, 1554, 484, 349, 1063, 2260, 441, 157, 971, 628, 638, 504, 1316, 2205, 2013, 224, 2219, 1998, 502, 2385, 1035, 394, 1951, 1632, 2075, 1909, 1230, 1274, 881, 1647, 496, 65, 112, 90, 685, 942, 956, 447, 2026, 819, 1312, 2240, 1528, 571, 1570, 1814, 2301, 1133, 1680, 1742, 823, 1157, 1813, 105, 737, 1120, 1039, 2342, 233, 578, 833, 506, 762, 609, 201, 372, 1879, 1137, 1772, 1385, 1972, 2098, 1178, 270, 472, 1598, 321, 1102, 1843, 704, 2242, 1842, 2195, 1267, 144, 444, 734, 482, 1096, 1671, 1136, 176, 2227, 2189, 663, 375, 1462, 1738, 1892, 131, 987, 148, 286, 103, 709, 1841, 2139, 1974, 1527, 1789, 1914, 2144, 2377, 1535, 872, 753, 1507, 1463, 850, 2364, 2249, 1551, 856, 179, 1325, 771, 2171, 1436, 279, 738, 1046, 95, 1346, 8, 2345, 347, 100, 290, 212, 2196, 570, 1510, 2022, 1668, 1379, 1184, 2234, 1891, 1577, 2306, 2333, 1712, 1933, 208, 1723, 1128, 104, 426, 1390, 10, 1397, 168, 1466, 556, 1801, 615, 1682, 1603, 939, 1871, 2307, 2088, 966, 258, 2057, 2004, 2123, 357, 1165, 1836, 2318, 716, 303, 1185, 727, 1568, 647, 943, 897, 1095, 393, 2148, 1029, 2089, 1048, 155, 465, 96, 1455, 804, 2019, 1242, 2222, 863, 2255, 841, 918, 2244, 1255, 1324, 2176, 1134, 429, 421, 2359, 1019, 2229, 898, 2262, 1566, 1840, 330, 1155, 655, 324, 746, 460, 2162, 2384, 1939, 1022, 1812, 228, 1362, 885, 2151, 510, 456, 1558, 134, 922, 1641, 2030, 895, 440, 1286, 1567, 53, 1846, 2038, 1448, 997, 999, 1443, 948, 625, 188, 1275, 1954, 1175, 1217, 1229, 1428, 573, 1648, 2275, 768, 1119, 1759, 567, 438, 1473, 646, 1052, 1858, 1964, 1724, 1834, 1459, 5, 2330, 899, 14, 935, 1049, 1985, 1838, 2118, 1121, 855, 730, 1797, 2247, 1012, 2029, 760, 9, 344, 2124, 2353, 1969, 327, 1553, 1355, 2085, 1224, 1421, 1545, 1881, 186, 1113, 170, 1943, 1264, 946, 1414, 572, 1614, 1618, 1565, 1126, 2267, 2167, 1624, 1180, 2258, 2005, 204, 569, 1007, 2012, 2387, 1303, 2050, 432, 793, 1124, 1182, 686, 107, 1757, 442, 2111, 1893, 1257, 2308, 2146, 1487, 2290, 694, 1853, 1089, 412, 1001, 1928, 1183, 2303, 2081, 2228, 763, 2104, 522, 70, 2291, 1485, 589, 1995, 156, 1409, 310, 1585, 1609, 40, 1105, 493, 921, 1687, 848, 1232, 739, 960, 154, 1475, 217, 1036, 121, 526, 622, 1195, 907, 2156, 2103, 1726, 1482, 1018, 1534, 1644, 772, 1815, 1889, 1963, 1110, 2188, 1516, 1020, 931, 853, 99, 826, 2285, 1737, 531, 1070, 1222, 1707, 595, 34, 1266, 1220, 424, 1556, 195, 356, 1705, 25, 778, 533, 593, 2007, 403, 111, 1040, 1717, 300, 634, 2001, 1398, 1446, 792, 2032, 101, 2264, 1762, 405, 2328, 631, 1435, 245, 2017, 388, 2343, 2197, 973, 2375, 2051, 1262, 1245, 2186, 566, 774, 1240, 28, 1235, 2071, 2389, 934, 3, 649, 821, 2232, 1654, 849, 577, 1339, 182, 927, 462, 1094, 129, 534, 445, 1874, 1122, 1947, 1371, 1791, 2000, 1452, 545, 435, 150, 914, 1367, 67, 1564, 1608, 55, 358, 617, 1044, 193, 2002, 35, 1087, 259, 126, 418, 587, 1083, 1540, 1890, 1237, 866, 600, 1411, 717, 1633, 1822, 633, 1271, 436, 1231, 1826, 1423, 1179, 568, 196, 2372, 976, 1434, 2226, 886, 1587, 486, 1885, 380, 2028, 1279, 26, 1955, 702, 1725, 487, 1115, 2198, 1321, 975, 1369, 365, 913, 47, 1329, 1649, 919, 2371, 1081, 1085, 2031, 1670, 1076, 2092, 1754, 2354, 2315, 916, 1547, 551, 1875, 292, 1491, 1743, 1731, 1623, 1563, 1573, 2246, 146, 654, 231, 1987, 869, 2133, 1615, 1773, 2241, 2373, 1606, 1946, 1519, 2348, 181, 779, 937, 2224, 2233, 544, 43, 390, 2136, 98, 313, 1915, 1198, 581, 458, 2317, 2147, 1640, 733, 643, 1074, 1655, 1741, 1938, 1319, 1937, 2356, 1297, 1139, 1377, 2349, 1666, 1926, 1345, 940, 1352, 1138, 1442, 2, 1610, 757, 2016, 588, 1296, 981, 719, 1910, 263, 1389, 1142, 190, 281, 1617, 1073, 2083, 255, 114, 1197, 515, 142, 1870, 333, 507, 1921, 796, 1363, 2310, 1104, 822, 1449, 2254, 1384, 1014, 2036, 278, 1656, 1973, 2052, 30, 728, 41, 173, 1935, 135, 1646, 1336, 803, 468, 1912, 1872, 2202, 1569, 368, 1575, 2027, 1366, 681, 1581, 151, 2274, 1745, 71, 2324, 2107, 1378, 1042, 741, 1054, 226, 1825, 1289, 1532, 492, 951, 1395, 1766, 483, 1736, 1468, 2340, 133, 110, 1997, 1628, 2061, 106, 391, 205, 209, 343, 1129, 283, 411, 498, 1207, 1092, 1394, 620, 2341, 1541, 1823, 127, 1167, 87, 2326, 1123, 29, 985, 1287, 1418, 159, 1457, 232, 1476, 2269, 24, 2054, 1488, 990, 337, 688, 1859, 91, 1690, 1292, 1170, 692, 1118, 409, 2100, 1848, 902, 1637, 346, 1227, 619, 73, 854, 1715, 128, 198, 2065, 2357, 767, 791, 2243, 316, 1305, 1116, 12, 834, 818, 1238, 1888, 1729, 2080, 636, 1337, 1250, 1658, 66, 2327, 1882, 1919, 944, 450, 591, 1273, 1408, 2180, 2037, 1677, 1783, 1883, 2115, 754, 359, 137, 1767, 1616, 1700, 2252, 221, 1342, 446, 1522, 165, 1258, 680, 2369, 115, 2200, 1906, 315, 1719, 708, 1471, 992, 1867, 1692, 859, 1902, 275, 1876, 993, 612, 2351, 713, 1009, 72, 2288, 199, 2175, 1460, 289, 2159, 1212, 1127, 954, 108, 996, 565, 1967, 1002, 138, 1172, 1533, 896, 1037, 650, 701, 1960, 1372, 1678, 1444, 501, 1855, 718, 117, 949, 1427, 2060, 1494, 1465, 1559, 2165, 962, 2122, 236, 679, 304, 1571, 989, 1189, 808, 613, 1106, 1852, 511, 2272, 2191, 1720, 2297, 2213, 1097, 637, 2325, 1977, 229, 475, 698, 1927, 926, 305, 1693, 1254, 320, 1860, 1204, 311, 2322, 1552, 1030, 1169, 528, 2073, 1674, 964, 203, 1845, 1728, 508, 113, 1676, 852, 1620, 1015, 1611, 1489, 2134, 724, 1164, 860, 947, 2121, 302, 1988, 1884, 410, 1347, 751, 1901, 1145, 961, 2145, 1451, 1193, 291, 1027, 527, 2236, 1932, 590, 1903, 1146, 264, 268, 1514, 171, 758, 1396, 153, 1804, 812, 830, 580, 474, 1518, 1259, 882, 2070, 1024, 861, 369, 298, 2380, 477, 1625, 1306, 2042, 2009, 711, 1771, 362, 2221, 38, 1213, 318, 364, 838, 143, 1285, 1810, 18, 2231, 1788, 2020, 267, 1820, 1400, 618, 1816, 1438, 260, 1003, 968, 194, 1599, 2278, 377, 1612, 610, 952, 1364, 2112, 1839, 287, 543, 1033, 1025, 296, 2294, 2015, 2179, 284, 905, 1586, 1058, 1696, 630, 225, 786, 2270, 1354, 2338, 963, 582, 759, 1922, 1548, 1505, 1827, 45, 802, 1004, 1453, 401, 56, 2158, 2077, 2360, 1630, 2214, 787, 180, 449, 2160, 1854, 331, 594, 1733, 1072, 2106, 775, 800, 662, 2268, 1388, 207, 1794, 598, 1173, 2078, 297, 1679, 1732, 1749, 744, 797, 893, 1591, 1770, 1851, 210, 599, 2174, 725, 1350, 923, 1962, 93, 553, 485, 909, 1576, 1657, 1194, 1805, 1506, 1660, 1478, 764, 1982, 555, 234, 1592, 1260, 2155, 761, 407, 959, 488, 1942, 815, 1966, 669, 1768, 2183, 434, 969, 2164, 2304, 2362, 614, 2381, 1996, 684, 1331, 697, 2108, 2119, 189, 2166, 888, 162, 1828, 736, 27, 801, 2087, 868, 2378, 1469, 437, 1941, 16, 668, 1439, 1244, 889, 1313, 1420, 1636, 1144, 1629, 2193, 1291, 659, 579, 538, 322, 794, 661, 1208, 640, 2337, 397, 2361, 425, 376, 1013, 932, 1777, 1247, 1082, 1497, 1699, 1168, 873, 2021, 2296, 1382, 2209, 984, 1234, 1067, 835, 1205, 998, 469, 621, 1112, 1775, 1188, 687, 1333, 2223, 1849, 2366, 1314, 1407, 1782, 2346, 109, 1602, 94, 1529, 748, 1248, 1156, 2126, 36, 1399, 1761, 463, 271, 658, 92, 2045, 1744, 1792, 1109, 1896, 378, 1206, 1196, 839, 546, 2266, 1833, 505, 1150, 2023, 339, 521, 2211, 1513, 1032, 840, 2390, 560, 1562, 69, 1034, 479, 1338, 1584, 1437, 2101, 735, 1084, 46, 366, 602, 1665, 910, 1380, 467, 1831, 2044, 2137, 908, 1424, 177, 312, 1098, 1808, 1353, 360, 653, 1512, 1349, 1199, 1341, 2043, 1225, 1492, 1622, 2305, 1708, 847, 627, 2313, 1521, 1561, 1862, 722, 2014, 1202, 2204, 306, 1419, 253, 39, 23, 1233, 2035, 784, 417, 1595, 2161, 299, 274, 1091, 2039, 2298, 2177, 379, 1161, 2125, 1298, 335, 1064, 1375, 1192, 1430, 430, 1793, 158, 548, 1216, 715, 1520, 2358, 408, 1311, 2069, 2279, 988, 402, 396, 1288, 1686, 537, 1634, 211, 785, 592, 986, 1613, 293, 817, 1318, 11, 781, 1730, 1722, 879, 2383, 1103, 674, 1472, 1309, 254, 243, 1130, 1401, 2102, 1663, 1166, 1315, 871, 1499, 2299, 1817, 1148, 44, 1661, 1832, 514, 524, 842, 1429, 864, 1689, 1934, 957, 1391, 672, 1474, 1621, 398, 1524, 1186, 1639, 1590, 1480, 1107, 1501, 2239, 1203, 2321, 1751, 1790, 473, 1734, 1916, 1376, 2339, 755, 1979, 1143, 1713, 606, 1330, 1241, 831, 21, 13, 1447, 1080, 788, 200, 400, 1847, 2368, 1667, 197, 1537, 58, 1361, 2332, 1158, 1322, 2040, 97, 62, 220, 645, 1174, 175, 670, 870, 136, 1918, 623, 2084, 416, 1214, 1597, 876, 777, 574, 1327, 1332, 1651, 261, 810, 673, 2063, 2230, 710, 1635, 277, 191, 373, 903, 2217, 2216, 33, 348, 392, 140, 1334, 1425, 1077, 1200, 807, 2140, 1755, 1953, 2286, 1031, 1053, 1228, 1016, 806, 2284, 1141, 1403, 213, 350, 525, 1920, 1278, 1923, 2295, 539, 1265, 1023, 247, 248, 700, 1017, 2041, 1990, 773, 1135, 433, 1422, 690, 750, 2096, 1261, 164, 1415, 414, 982, 720, 1253, 7, 1747, 1709, 1392, 2253, 583, 1190, 509, 244, 240, 900, 1799, 76, 816, 1079, 1320, 351, 1683, 1824, 249, 938, 549, 836, 1704, 250, 749, 1147, 2059, 1191, 120, 1131, 1536, 241, 517, 1310, 389, 2207, 1055, 1894, 584, 1066, 1780, 385, 1071, 2323, 381, 664, 61, 721, 883, 1913, 2182, 1778, 345, 1412, 428, 48, 1454, 693, 1930, 78, 845, 478, 972, 891, 239, 341, 1383, 223, 470, 1542, 2257, 1221, 2142, 466, 799, 1546, 1980, 1450, 2206, 1877, 732, 1746, 500, 1735, 1270, 1125, 459, 1549, 386, 1045, 1578, 1673, 877, 2170, 2190, 1026, 874, 865, 1493, 334, 930, 1948, 955, 1798, 184, 1269, 2058, 1984, 1596, 282, 965, 1594, 1583, 1688, 2212, 2199, 562, 2018, 1181, 178, 894, 2150, 604, 2319, 20, 2192, 1844, 2210, 1811, 929, 1582, 1931, 163, 1359, 1223, 174, 256, 1526, 15, 1467, 1010, 561, 57, 1201, 395, 1706, 2237, 2194, 1088, 252, 185, 1236, 2352, 82, 1786, 770, 576, 355, 2314, 464, 1981, 1530, 2074, 423, 22, 2169, 1829, 81, 1523, 1387, 37, 2113, 516, 596, 269, 1650, 675, 119, 382, 1117, 1417, 2289, 1304, 79, 2127, 979, 325, 978, 2215, 125, 2135, 454, 1765, 2250, 2316, 295, 2072, 535, 89, 811, 1864, 624, 832, 2320, 1368, 1607, 542, 519, 2053, 319, 1544, 1005, 1210, 1560, 1481, 2235, 825, 1863, 611, 814, 1456, 1965, 862, 1796, 2185, 1426, 2225, 1593, 1101, 2093, 2024, 152, 2128, 1344, 1171, 2152, 2271, 314, 491, 1028, 1504, 867, 1837, 2248, 540, 1697, 63, 1246, 2003, 141, 147, 1416, 2091, 308, 2184, 1830, 829, 1626, 1800, 915, 809, 958, 706, 2312, 1432, 523, 1958, 1433, 1675, 1619, 1068, 1160, 1968, 1589, 1038, 336, 2350, 1162, 2355, 1787, 1500, 1750, 262, 1154, 691, 2208, 1764, 116, 1308, 1509, 1256, 1215, 1781, 1268, 1243, 1374, 1495, 980, 671, 2163, 2344, 1886, 272, 1769, 616, 558, 2153, 1959, 1069, 1645, 575, 824, 1643, 880, 2336, 480, 1511, 1957, 1351, 890, 1653, 657, 1664, 2067, 1061, 1041, 1252, 1887, 652, 550, 1479, 266, 2172, 2008, 2117, 2367, 88, 912, 857, 1219, 2082, 1538, 1093, 77, 187, 1373, 1917, 1295, 2033, 2187, 1000, 731, 86, 2132, 1159, 2114, 597, 641, 1807, 563, 32, 695, 448, 1929, 1703, 2095, 974, 967, 1880, 1818, 805, 789, 1795, 917, 1681, 2245, 1290, 2334, 202, 1149, 1572, 172, 1239, 499, 1605, 1209, 301, 457, 699, 1043, 1925, 1970, 1272, 1114, 1461, 1756, 1809, 52, 419, 1944, 1758, 1405, 1924, 2181, 1050, 2293, 1579, 1601, 1994, 2300, 1187, 265, 2055, 59, 1280, 328, 2110, 2138, 2331, 601, 678, 1211, 1486, 1153, 51, 235, 559, 1075, 529, 1835, 547, 906, 1413, 790, 2099, 740, 1326, 1440, 1950, 2034, 1748, 648, 461, 970, 2173, 50, 471, 242, 1477, 206, 17, 1631, 1299, 54, 1059, 2141, 1600, 1983, 2120, 2259, 2143, 1806, 443, 285, 605, 192, 160, 166, 2309, 227, 2105, 307, 1784, 455, 585, 707, 489, 2149, 2392, 222, 139, 2277, 1753, 752, 2238, 1531, 317, 1163, 2382, 1638, 1819, 677, 2379, 161, 1525, 933, 2130, 887, 1580, 1226, 795, 1961, 2168, 1328, 928, 782, 2011, 703, 2131, 2116, 49, 676, 1978, 413, 2064, 1695, 2388, 2256, 2281, 374, 1284, 2048, 118, 340, 512, 844, 384, 1945, 2263, 843, 1276, 994, 1776, 1803, 1873, 776, 1051, 1386, 2076, 2363, 513, 766, 280, 683, 1721, 1402, 1140, 68, 667, 503, 1698, 1865, 846, 1850, 541, 941, 1484, 813, 1739, 2365, 1458, 554, 83, 2302, 497, 1358, 1949, 1086, 352, 1251, 1539, 936, 1908, 820, 1878, 2201, 2311, 878, 490, 2056, 1132, 427, 635, 2273, 1060, 367, 1307, 726, 1956, 1057, 431, 1821, 1008, 2010, 353, 660, 1177, 1900, 1381, 2006, 626, 1218, 783, 42, 2079, 1774, 2276, 1176, 1702, 404, 742, 924, 656, 1802, 1111, 769, 920, 745, 1360, 2049, 557, 214, 451, 481, 1300, 1503, 495, 145, 2047, 1404, 219, 837, 84, 1992, 288, 218, 439, 629, 2374, 1508, 215, 1899, 309, 257, 4, 1718, 1056, 1971, 1986, 532, 1861, 132, 1410, 1869, 332, 642, 828, 2287, 911, 383, 1752, 494, 1866, 342, 1911, 1065, 1502, 1090, 2062, 420, 983, 338, 1100, 1907, 238, 1856, 1317, 1550, 1282, 1691, 1062, 1293, 361, 167, 2347, 1490, 102, 875, 901, 552, 603, 2178, 1294, 1905, 1574, 2097, 1857, 2086, 1323, 1047, 273, 294, 723, 2391, 80, 1152, 1483, 1659, 977, 682, 415, 1517, 1108, 329, 122, 1151, 712, 705, 1099, 2220, 1727, 1557, 2129, 1952, 237, 743, 1716, 2157, 1895, 64, 1642, 370, 1431, 2109, 2025, 85, 651, 1898, 1543, 323, 747, 1464, 1496, 124, 644, 1760, 2090, 1302, 1011, 1669, 1393]

Input: st70.tsp
Costs: 
2698.0,
Mean cost: 2698.0
Std Deviation: 0.0
Best path:
Distance:2698.0
Path: [1, 53, 47, 38, 10, 44, 52, 18, 45, 2, 12, 35, 5, 32, 59, 51, 24, 28, 48, 70, 69, 67, 66, 22, 36, 14, 30, 16, 25, 3, 43, 8, 4, 39, 21, 60, 61, 29, 9, 57, 65, 50, 11, 31, 63, 33, 62, 34, 13, 26, 42, 17, 23, 49, 46, 68, 64, 27, 7, 37, 40, 56, 15, 19, 6, 55, 58, 41, 54, 20]

