Input: eil101.tsp
Costs: 
3013.707861885715,3340.6257135666774,3161.500594069718,
Mean cost: 3171.9447231740364
Std Deviation: 17867.086874323137
Best path:
Distance:3013.707861885715
Path: [10, 47, 15, 24, 79, 74, 2, 39, 33, 20, 66, 38, 96, 35, 17, 42, 34, 51, 77, 76, 48, 36, 70, 80, 52, 57, 71, 23, 21, 86, 69, 62, 7, 95, 67, 43, 27, 18, 50, 40, 84, 55, 54, 78, 45, 63, 16, 14, 60, 68, 83, 93, 87, 82, 72, 22, 100, 56, 53, 28, 92, 98, 19, 75, 13, 44, 31, 88, 49, 46, 9, 1, 8, 81, 64, 90, 26, 59, 97, 91, 99, 61, 37, 41, 94, 32, 30, 12, 58, 4, 65, 101, 11, 89, 3, 6, 85, 5, 25, 73, 29]

Input: eil51.tsp
Costs: 
1458.038302560721,1413.525856546583,1359.8647712519871,
Mean cost: 1410.4763101197639
Std Deviation: 1610.990241642486
Best path:
Distance:1359.8647712519871
Path: [7, 26, 6, 48, 8, 32, 24, 47, 15, 44, 18, 51, 25, 20, 2, 17, 30, 16, 41, 21, 22, 10, 37, 23, 42, 14, 39, 12, 34, 46, 27, 3, 9, 33, 50, 11, 1, 4, 45, 38, 35, 31, 43, 13, 19, 40, 5, 49, 36, 29, 28]

Input: eil76.tsp
Costs: 
2333.7751999652573,2352.388731000475,2345.437430428205,
Mean cost: 2343.8671204646457
Std Deviation: 58.97685962399646
Best path:
Distance:2333.7751999652573
Path: [59, 54, 39, 35, 25, 13, 57, 4, 15, 66, 40, 2, 20, 76, 32, 48, 24, 47, 31, 73, 29, 62, 12, 53, 68, 69, 10, 49, 63, 70, 60, 45, 58, 72, 19, 1, 6, 51, 28, 16, 26, 55, 42, 65, 33, 43, 17, 67, 46, 36, 74, 23, 5, 61, 41, 27, 75, 44, 9, 7, 14, 34, 52, 56, 3, 50, 37, 8, 38, 30, 18, 64, 22, 71, 21, 11]

Input: kroA100.tsp
Costs: 
160577.8821467193,154975.9467692981,162755.45600665107,
Mean cost: 159436.42830755617
Std Deviation: 1.0738252429146804E7
Best path:
Distance:154975.9467692981
Path: [83, 41, 67, 100, 34, 33, 5, 44, 25, 96, 13, 64, 78, 92, 49, 27, 57, 14, 99, 66, 21, 59, 10, 11, 69, 50, 56, 39, 45, 90, 65, 53, 6, 61, 74, 17, 89, 76, 73, 3, 35, 97, 55, 20, 51, 26, 31, 95, 47, 19, 9, 52, 40, 42, 16, 23, 28, 93, 94, 7, 46, 77, 36, 72, 29, 58, 87, 15, 82, 30, 54, 18, 8, 71, 12, 91, 86, 22, 4, 2, 24, 68, 75, 37, 98, 43, 79, 84, 32, 80, 38, 88, 62, 81, 70, 60, 48, 1, 85, 63]

Input: kroC100.tsp
Costs: 
152053.9091661282,164230.92151781515,159690.28207699762,
Mean cost: 158658.37092031367
Std Deviation: 2.5245691953167174E7
Best path:
Distance:152053.9091661282
Path: [62, 30, 9, 55, 23, 72, 93, 17, 43, 39, 79, 24, 57, 54, 28, 92, 82, 50, 1, 42, 87, 40, 64, 13, 65, 86, 89, 74, 68, 51, 34, 56, 16, 63, 76, 38, 95, 71, 88, 6, 33, 61, 37, 66, 31, 77, 5, 21, 48, 3, 78, 80, 25, 12, 11, 45, 14, 99, 19, 29, 52, 27, 85, 97, 91, 2, 22, 26, 83, 73, 98, 32, 67, 41, 47, 44, 84, 7, 46, 94, 69, 70, 4, 49, 18, 20, 58, 60, 36, 90, 53, 15, 10, 96, 100, 8, 75, 35, 81, 59]

Input: kroD100.tsp
Costs: 
158572.8557536455,150615.3187064553,150569.77277973804,
Mean cost: 153252.6490799463
Std Deviation: 1.415264526401032E7
Best path:
Distance:150569.77277973804
Path: [40, 73, 38, 88, 47, 28, 37, 76, 70, 25, 29, 74, 61, 67, 75, 9, 96, 24, 44, 89, 31, 53, 58, 98, 83, 36, 19, 35, 30, 49, 91, 90, 32, 97, 20, 56, 2, 78, 95, 26, 50, 11, 4, 42, 43, 94, 93, 5, 48, 87, 16, 6, 14, 81, 60, 33, 27, 63, 54, 77, 59, 82, 79, 57, 84, 34, 72, 13, 17, 71, 10, 23, 52, 85, 69, 18, 62, 8, 21, 45, 99, 65, 100, 46, 3, 41, 12, 86, 51, 92, 80, 68, 39, 64, 55, 22, 7, 1, 66, 15]

Input: lin105.tsp
Costs: 
107260.45889873557,105626.7285803452,109615.50614253816,
Mean cost: 107500.89787387296
Std Deviation: 2680629.857158234
Best path:
Distance:105626.7285803452
Path: [63, 99, 22, 86, 68, 105, 102, 49, 6, 19, 28, 103, 91, 97, 44, 48, 36, 17, 2, 18, 13, 8, 53, 16, 58, 90, 76, 59, 27, 37, 84, 71, 1, 23, 51, 104, 3, 78, 75, 81, 82, 67, 62, 94, 69, 98, 79, 93, 10, 14, 96, 9, 24, 100, 21, 15, 33, 43, 73, 88, 42, 65, 4, 30, 57, 31, 40, 35, 72, 77, 70, 25, 32, 83, 89, 34, 45, 29, 52, 47, 60, 26, 56, 87, 38, 12, 20, 7, 66, 50, 39, 46, 11, 74, 85, 55, 41, 54, 5, 95, 101, 64, 80, 61, 92]

Input: pcb442.tsp
Costs: 
738722.8038583015,740146.5331494154,740781.8754914249,
Mean cost: 739883.7374997139
Std Deviation: 741160.1084732796
Best path:
Distance:738722.8038583015
Path: [195, 174, 237, 416, 261, 351, 79, 61, 357, 390, 166, 41, 309, 274, 323, 340, 407, 7, 207, 129, 150, 162, 95, 117, 413, 338, 370, 429, 230, 87, 108, 209, 426, 366, 94, 139, 74, 297, 437, 33, 264, 99, 287, 58, 223, 70, 392, 428, 138, 146, 388, 35, 317, 295, 387, 347, 191, 411, 175, 101, 441, 110, 12, 6, 47, 424, 238, 21, 131, 384, 164, 205, 304, 325, 4, 136, 62, 234, 266, 280, 143, 233, 337, 112, 397, 76, 236, 144, 349, 255, 434, 417, 399, 78, 363, 28, 9, 267, 243, 141, 288, 318, 158, 64, 201, 435, 241, 289, 393, 159, 377, 116, 263, 244, 29, 27, 52, 34, 45, 374, 249, 379, 59, 104, 165, 354, 231, 373, 361, 321, 211, 352, 395, 187, 38, 118, 433, 216, 306, 345, 307, 422, 193, 204, 380, 420, 125, 153, 330, 50, 409, 320, 44, 51, 315, 124, 128, 103, 333, 13, 180, 294, 228, 302, 2, 322, 85, 257, 203, 275, 282, 438, 67, 127, 329, 319, 383, 73, 439, 156, 120, 114, 418, 40, 188, 200, 80, 214, 213, 421, 140, 109, 300, 169, 212, 132, 155, 277, 248, 181, 142, 183, 431, 25, 335, 160, 316, 31, 355, 440, 55, 10, 43, 105, 403, 362, 98, 219, 427, 336, 192, 245, 84, 8, 19, 97, 56, 100, 111, 406, 20, 313, 303, 137, 5, 11, 189, 250, 26, 401, 375, 358, 391, 256, 54, 208, 253, 252, 367, 106, 23, 157, 301, 215, 305, 171, 254, 186, 18, 39, 342, 382, 49, 371, 232, 341, 292, 122, 227, 218, 360, 206, 36, 353, 68, 170, 405, 1, 71, 239, 92, 298, 119, 113, 24, 63, 346, 69, 65, 398, 299, 130, 14, 22, 442, 290, 149, 81, 83, 415, 3, 152, 394, 402, 419, 210, 436, 369, 240, 93, 327, 425, 15, 115, 247, 145, 246, 259, 378, 66, 229, 404, 278, 151, 331, 86, 226, 198, 197, 121, 365, 350, 72, 271, 176, 177, 167, 154, 220, 172, 184, 102, 17, 269, 386, 281, 251, 199, 356, 88, 42, 178, 82, 163, 258, 291, 168, 344, 173, 30, 265, 283, 194, 60, 368, 270, 161, 339, 376, 276, 262, 312, 272, 432, 284, 242, 414, 310, 147, 217, 389, 107, 182, 134, 96, 77, 126, 293, 285, 260, 37, 179, 32, 202, 412, 48, 273, 359, 222, 385, 332, 133, 16, 190, 148, 135, 53, 57, 423, 235, 372, 91, 381, 225, 410, 400, 314, 408, 268, 396, 46, 308, 348, 311, 221, 75, 286, 343, 296, 430, 324, 279, 364, 326, 328, 123, 185, 334, 90, 224, 196, 89]

Input: st70.tsp
Costs: 
3531.4308243965143,3302.5409327461634,3439.6274043965373,
Mean cost: 3424.5330538464045
Std Deviation: 8845.683459216696
Best path:
Distance:3302.5409327461634
Path: [24, 44, 27, 70, 33, 4, 14, 50, 20, 7, 62, 3, 57, 6, 19, 11, 26, 31, 2, 29, 46, 40, 1, 47, 66, 35, 38, 9, 61, 41, 8, 51, 48, 63, 39, 34, 18, 55, 28, 64, 67, 43, 17, 21, 12, 32, 42, 45, 30, 54, 68, 5, 52, 56, 16, 22, 69, 23, 37, 25, 60, 59, 36, 13, 58, 53, 10, 15, 65, 49]

