Input: eil101.tsp
Costs: 
3284.251497429688,3097.871579689785,3264.9620591414914,
Mean cost: 3215.6950454203215
Std Deviation: 7003.198276623133
Best path:
Distance:3097.871579689785
Path: [60, 40, 38, 36, 85, 6, 21, 74, 41, 16, 57, 100, 27, 54, 101, 23, 98, 67, 58, 14, 19, 18, 22, 59, 94, 81, 33, 48, 26, 55, 8, 89, 39, 87, 72, 73, 15, 12, 80, 69, 5, 77, 3, 25, 78, 29, 35, 47, 2, 49, 28, 56, 51, 90, 53, 76, 84, 68, 79, 20, 63, 64, 30, 52, 44, 88, 96, 34, 17, 32, 97, 9, 71, 86, 92, 93, 31, 61, 1, 70, 75, 4, 50, 11, 46, 43, 83, 24, 65, 10, 37, 82, 99, 42, 95, 45, 13, 62, 91, 7, 66]

Input: eil51.tsp
Costs: 
1488.8572612530381,1492.0479922198235,1452.4864322045985,
Mean cost: 1477.7972285591534
Std Deviation: 322.0150000679419
Best path:
Distance:1452.4864322045985
Path: [28, 22, 49, 6, 17, 40, 24, 12, 9, 38, 26, 3, 35, 20, 46, 13, 15, 16, 10, 4, 7, 11, 36, 32, 42, 19, 23, 27, 25, 8, 29, 30, 18, 43, 14, 5, 1, 44, 33, 51, 2, 48, 41, 45, 34, 50, 31, 21, 37, 47, 39]

Input: eil76.tsp
Costs: 
2207.547678955927,2268.1348305861156,2122.6334409134483,
Mean cost: 2199.4386501518306
Std Deviation: 3561.320573519064
Best path:
Distance:2122.6334409134483
Path: [21, 4, 64, 43, 2, 48, 70, 15, 41, 1, 60, 71, 8, 63, 34, 75, 19, 40, 52, 31, 66, 42, 36, 20, 29, 54, 13, 25, 32, 68, 30, 76, 33, 69, 56, 18, 51, 26, 39, 44, 59, 11, 55, 12, 35, 53, 47, 17, 3, 65, 14, 45, 23, 46, 73, 10, 38, 49, 74, 7, 72, 67, 5, 9, 62, 61, 50, 24, 58, 57, 16, 6, 37, 27, 28, 22]

Input: kroA100.tsp
Costs: 
146857.31476235815,154615.0451438555,144079.3616695827,
Mean cost: 148517.24052526546
Std Deviation: 1.987778114752589E7
Best path:
Distance:144079.3616695827
Path: [44, 94, 99, 63, 4, 22, 36, 70, 75, 97, 90, 83, 98, 55, 33, 88, 9, 12, 54, 66, 10, 82, 26, 93, 15, 3, 100, 1, 5, 81, 18, 58, 57, 24, 42, 80, 35, 84, 25, 64, 31, 30, 34, 62, 74, 56, 45, 91, 50, 48, 39, 46, 69, 65, 79, 95, 96, 27, 60, 43, 49, 59, 41, 37, 52, 29, 67, 68, 13, 78, 61, 23, 17, 8, 73, 2, 38, 77, 76, 85, 7, 32, 71, 87, 53, 16, 21, 72, 28, 92, 19, 86, 51, 14, 89, 6, 40, 20, 11, 47]

Input: kroC100.tsp
Costs: 
151584.9396378005,150207.22363692956,157251.44936838196,
Mean cost: 153014.53754770404
Std Deviation: 9292061.117942924
Best path:
Distance:150207.22363692956
Path: [13, 28, 3, 41, 31, 23, 93, 65, 25, 11, 87, 79, 83, 51, 4, 52, 88, 60, 24, 74, 67, 69, 94, 78, 27, 70, 81, 30, 72, 98, 77, 7, 9, 89, 5, 58, 42, 75, 21, 16, 40, 15, 64, 50, 95, 29, 71, 61, 37, 32, 1, 22, 6, 100, 12, 18, 63, 57, 54, 48, 86, 55, 39, 80, 76, 90, 14, 45, 38, 91, 68, 46, 82, 44, 96, 99, 19, 10, 66, 97, 2, 73, 43, 56, 34, 20, 26, 85, 8, 84, 36, 47, 33, 35, 62, 59, 53, 92, 49, 17]

Input: kroD100.tsp
Costs: 
144338.57420613916,153699.37159296442,143629.31209520556,
Mean cost: 147222.41929810305
Std Deviation: 2.1059297638622675E7
Best path:
Distance:143629.31209520556
Path: [52, 74, 71, 16, 51, 42, 31, 2, 9, 55, 11, 38, 82, 65, 59, 25, 41, 63, 83, 21, 95, 23, 64, 37, 85, 36, 78, 53, 50, 13, 72, 86, 93, 17, 97, 7, 94, 3, 67, 77, 54, 34, 26, 10, 88, 12, 1, 70, 8, 57, 91, 80, 46, 69, 61, 90, 30, 43, 28, 68, 29, 32, 24, 56, 33, 19, 15, 99, 48, 87, 47, 35, 100, 49, 89, 98, 58, 75, 62, 20, 45, 79, 22, 92, 5, 39, 4, 76, 27, 73, 66, 14, 6, 84, 81, 44, 40, 60, 96, 18]

Input: lin105.tsp
Costs: 
116208.0374783189,108706.45806308121,115704.91433809491,
Mean cost: 113539.80329316501
Std Deviation: 1.17228018722917E7
Best path:
Distance:108706.45806308121
Path: [18, 17, 2, 47, 30, 34, 29, 92, 103, 49, 57, 23, 31, 67, 25, 44, 48, 35, 94, 79, 61, 22, 93, 99, 81, 100, 97, 102, 12, 3, 32, 86, 11, 7, 53, 72, 91, 89, 71, 4, 90, 51, 16, 42, 41, 28, 74, 64, 33, 104, 82, 56, 43, 9, 8, 68, 60, 69, 70, 24, 58, 55, 40, 85, 19, 88, 101, 20, 5, 13, 26, 73, 84, 54, 62, 77, 50, 96, 65, 76, 63, 39, 83, 98, 38, 46, 10, 45, 59, 105, 36, 78, 87, 66, 15, 37, 95, 6, 1, 75, 80, 21, 52, 14, 27]

Input: pcb442.tsp
Costs: 
769506.9783058049,760658.0075813121,746415.679403947,
Mean cost: 758860.221763688
Std Deviation: 9.048403108551602E7
Best path:
Distance:746415.679403947
Path: [333, 245, 253, 213, 9, 81, 119, 410, 275, 345, 144, 398, 350, 37, 209, 112, 160, 177, 39, 162, 306, 132, 163, 301, 332, 322, 14, 158, 46, 266, 294, 344, 129, 415, 376, 234, 283, 97, 140, 315, 323, 305, 48, 115, 336, 439, 285, 395, 377, 194, 340, 148, 32, 124, 64, 188, 314, 105, 382, 155, 263, 436, 362, 326, 242, 273, 308, 348, 169, 408, 272, 202, 23, 407, 204, 159, 338, 379, 125, 156, 59, 359, 146, 123, 397, 361, 108, 145, 341, 412, 30, 367, 24, 351, 164, 320, 343, 427, 429, 83, 58, 65, 354, 288, 281, 276, 432, 11, 192, 186, 440, 426, 238, 190, 227, 103, 147, 409, 293, 203, 68, 166, 180, 236, 79, 330, 134, 295, 15, 31, 229, 312, 222, 268, 138, 50, 74, 45, 72, 372, 73, 6, 290, 150, 78, 298, 363, 307, 149, 346, 153, 55, 178, 120, 137, 418, 131, 176, 435, 328, 394, 135, 208, 168, 310, 49, 183, 152, 98, 20, 95, 84, 122, 279, 217, 360, 54, 136, 296, 34, 311, 303, 111, 388, 187, 4, 277, 374, 392, 110, 325, 226, 27, 154, 101, 167, 10, 90, 12, 389, 240, 385, 317, 246, 67, 223, 241, 75, 297, 413, 61, 300, 109, 286, 47, 321, 102, 422, 28, 13, 221, 262, 91, 82, 381, 94, 18, 324, 252, 228, 220, 391, 402, 113, 175, 230, 225, 256, 17, 38, 406, 193, 366, 25, 189, 378, 304, 337, 243, 205, 128, 371, 40, 254, 191, 76, 89, 96, 339, 423, 368, 442, 384, 353, 80, 142, 421, 261, 106, 355, 118, 19, 248, 182, 403, 390, 235, 424, 396, 414, 264, 259, 299, 85, 66, 143, 249, 21, 206, 52, 99, 405, 369, 280, 364, 117, 291, 5, 200, 161, 127, 212, 231, 441, 216, 107, 417, 401, 387, 198, 400, 42, 233, 416, 104, 430, 257, 365, 33, 347, 329, 319, 438, 237, 267, 309, 282, 232, 71, 383, 171, 77, 1, 250, 270, 247, 218, 181, 139, 352, 375, 302, 411, 92, 349, 214, 335, 437, 357, 3, 274, 342, 170, 292, 51, 404, 56, 420, 130, 35, 201, 399, 370, 356, 327, 57, 26, 255, 157, 207, 8, 133, 43, 289, 251, 425, 36, 86, 373, 29, 93, 22, 16, 334, 60, 174, 428, 284, 260, 313, 44, 239, 141, 114, 172, 53, 41, 358, 210, 196, 380, 126, 211, 88, 195, 258, 431, 271, 219, 287, 269, 278, 70, 331, 265, 179, 2, 184, 393, 215, 165, 87, 386, 173, 121, 100, 224, 434, 199, 185, 316, 62, 197, 433, 116, 244, 318, 151, 63, 7, 419, 69]

Input: st70.tsp
Costs: 
3197.0867014832947,3371.4824740529216,3307.567505721219,
Mean cost: 3292.045560419145
Std Deviation: 5189.446308006453
Best path:
Distance:3197.0867014832947
Path: [41, 11, 17, 4, 23, 51, 6, 42, 62, 59, 60, 21, 20, 37, 12, 49, 28, 18, 5, 67, 64, 58, 50, 29, 22, 63, 69, 48, 52, 44, 7, 3, 65, 39, 47, 10, 57, 26, 2, 1, 68, 56, 54, 43, 19, 53, 13, 24, 35, 31, 30, 40, 25, 33, 27, 45, 66, 61, 8, 32, 34, 46, 14, 16, 36, 55, 15, 38, 9, 70]

