Input: eil101.tsp
Costs: 
926.4233570681076,936.1913212727223,1017.4661798425153,
Mean cost: 960.0269527277818
Std Deviation: 1665.5345932194098
Best path:
Distance:926.4233570681076
Path: [51, 33, 3, 101, 53, 27, 40, 58, 2, 15, 92, 98, 37, 14, 38, 43, 42, 100, 91, 85, 61, 16, 86, 44, 97, 13, 94, 1, 70, 10, 31, 52, 69, 28, 77, 68, 80, 29, 24, 34, 71, 66, 65, 35, 9, 78, 79, 81, 20, 30, 63, 90, 32, 64, 11, 19, 36, 49, 46, 47, 48, 7, 62, 88, 18, 83, 45, 8, 82, 89, 6, 95, 93, 99, 96, 17, 84, 5, 60, 59, 87, 57, 41, 74, 73, 21, 72, 75, 22, 56, 23, 67, 39, 4, 55, 25, 26, 54, 12, 76, 50]

Input: eil51.tsp
Costs: 
482.0323774728312,470.74552901819146,480.4651648249515,
Mean cost: 477.747690438658
Std Deviation: 24.924491526414297
Best path:
Distance:470.74552901819146
Path: [12, 17, 4, 18, 47, 37, 15, 44, 42, 40, 19, 41, 13, 25, 14, 24, 23, 43, 7, 48, 6, 27, 1, 22, 8, 26, 31, 28, 3, 36, 35, 20, 29, 16, 9, 50, 21, 34, 30, 39, 33, 45, 10, 49, 38, 5, 11, 2, 32, 51, 46]

Input: eil76.tsp
Costs: 
713.173150119953,706.3239050730199,696.189962192142,
Mean cost: 705.2290057950382
Std Deviation: 48.67084757968619
Best path:
Distance:696.189962192142
Path: [27, 45, 4, 68, 67, 52, 34, 13, 5, 29, 30, 48, 37, 47, 21, 74, 2, 28, 62, 1, 73, 33, 16, 63, 23, 56, 41, 43, 42, 64, 22, 61, 69, 36, 71, 60, 70, 20, 15, 57, 54, 8, 14, 53, 11, 59, 19, 35, 66, 65, 38, 10, 58, 72, 12, 40, 39, 9, 25, 31, 55, 18, 50, 49, 24, 44, 32, 3, 51, 6, 76, 75, 17, 26, 7, 46]

Input: kroA100.tsp
Costs: 
37808.572351267794,39097.20923429541,36632.25353043238,
Mean cost: 37846.01170533186
Std Deviation: 1013368.6229508485
Best path:
Distance:36632.25353043238
Path: [88, 22, 16, 18, 24, 10, 99, 38, 36, 84, 72, 21, 47, 58, 61, 51, 64, 54, 31, 80, 89, 42, 1, 92, 56, 8, 67, 40, 69, 25, 81, 87, 57, 62, 35, 20, 46, 43, 41, 14, 78, 96, 82, 95, 44, 2, 50, 73, 85, 68, 13, 33, 76, 37, 5, 39, 52, 48, 100, 71, 30, 3, 29, 83, 12, 34, 27, 55, 7, 9, 86, 77, 60, 45, 91, 98, 23, 32, 11, 15, 17, 59, 74, 93, 28, 63, 6, 75, 97, 4, 26, 65, 66, 79, 90, 49, 19, 53, 94, 70]

Input: kroC100.tsp
Costs: 
38119.53514152166,37794.28145967144,35965.65034576997,
Mean cost: 37293.15564898769
Std Deviation: 898766.8246284347
Best path:
Distance:35965.65034576997
Path: [26, 82, 7, 78, 37, 16, 24, 40, 1, 53, 15, 13, 31, 65, 14, 10, 74, 69, 59, 89, 41, 30, 21, 68, 2, 23, 70, 91, 95, 94, 50, 54, 75, 62, 83, 39, 88, 98, 34, 58, 22, 8, 17, 25, 90, 28, 38, 71, 72, 5, 43, 56, 86, 76, 35, 77, 80, 6, 47, 64, 20, 42, 55, 67, 79, 85, 27, 4, 49, 12, 46, 93, 29, 18, 99, 19, 11, 52, 87, 48, 84, 96, 97, 100, 36, 81, 45, 33, 57, 73, 3, 60, 92, 66, 44, 63, 51, 9, 61, 32]

Input: kroD100.tsp
Costs: 
33792.608402090045,39544.84888096202,39121.371125489175,
Mean cost: 37486.276136180415
Std Deviation: 6851479.56649352
Best path:
Distance:33792.608402090045
Path: [89, 11, 23, 70, 98, 49, 97, 17, 90, 94, 32, 1, 50, 34, 24, 13, 79, 88, 27, 84, 69, 85, 77, 44, 93, 100, 37, 19, 2, 48, 30, 62, 35, 51, 92, 55, 26, 87, 10, 95, 21, 56, 28, 12, 47, 25, 9, 18, 20, 40, 59, 6, 83, 3, 5, 53, 60, 64, 43, 4, 71, 73, 41, 39, 54, 91, 15, 63, 16, 96, 86, 82, 68, 78, 33, 45, 14, 65, 80, 46, 66, 75, 67, 36, 74, 42, 22, 58, 29, 7, 72, 57, 31, 99, 76, 61, 52, 8, 81, 38]

Input: lin105.tsp
Costs: 
26055.113943457094,27098.731666932028,26359.114299440764,
Mean cost: 26504.3199699433
Std Deviation: 192065.33549821214
Best path:
Distance:26055.113943457094
Path: [102, 98, 99, 92, 79, 77, 86, 72, 80, 73, 59, 49, 50, 48, 47, 51, 52, 46, 43, 41, 44, 27, 24, 19, 3, 2, 9, 8, 4, 5, 14, 13, 16, 23, 20, 28, 33, 30, 22, 31, 104, 18, 25, 17, 1, 6, 7, 12, 15, 11, 10, 103, 21, 29, 32, 45, 40, 36, 37, 38, 39, 35, 34, 26, 42, 53, 58, 63, 62, 54, 56, 55, 57, 105, 67, 71, 85, 84, 91, 78, 83, 82, 68, 64, 69, 61, 60, 66, 65, 87, 88, 95, 94, 100, 90, 70, 75, 74, 81, 76, 89, 93, 101, 97, 96]

Input: pcb442.tsp
Costs: 
384068.2969070533,380249.53154373734,354745.53281076666,
Mean cost: 373021.1204205191
Std Deviation: 1.6942904605754563E8
Best path:
Distance:354745.53281076666
Path: [300, 370, 335, 344, 367, 362, 357, 430, 366, 327, 318, 315, 165, 108, 36, 5, 173, 393, 118, 138, 74, 99, 37, 311, 358, 356, 326, 303, 369, 371, 226, 167, 265, 125, 181, 109, 82, 48, 168, 120, 52, 90, 159, 160, 432, 220, 375, 427, 336, 323, 431, 345, 331, 364, 324, 365, 146, 262, 275, 414, 197, 322, 355, 435, 361, 395, 211, 116, 70, 38, 7, 186, 342, 309, 428, 228, 136, 385, 26, 381, 25, 147, 195, 240, 406, 245, 354, 214, 250, 293, 363, 352, 297, 398, 232, 307, 423, 420, 135, 59, 57, 96, 65, 388, 77, 47, 117, 131, 83, 84, 198, 112, 134, 263, 101, 30, 63, 33, 169, 209, 199, 210, 378, 24, 155, 368, 236, 208, 182, 62, 93, 148, 86, 27, 379, 121, 22, 390, 221, 115, 114, 110, 80, 387, 266, 270, 249, 389, 436, 124, 175, 332, 288, 251, 144, 372, 373, 374, 422, 408, 418, 410, 191, 319, 280, 283, 340, 397, 190, 229, 231, 6, 442, 103, 137, 441, 161, 343, 317, 151, 185, 235, 189, 223, 107, 400, 267, 271, 227, 282, 433, 434, 350, 417, 310, 308, 279, 286, 291, 166, 204, 180, 178, 179, 301, 157, 196, 294, 292, 241, 238, 401, 284, 424, 100, 2, 9, 46, 42, 4, 1, 11, 21, 133, 31, 64, 411, 438, 334, 404, 111, 89, 132, 141, 76, 39, 15, 49, 281, 276, 239, 277, 440, 273, 126, 34, 67, 50, 145, 188, 230, 329, 261, 321, 298, 314, 269, 154, 119, 88, 58, 78, 123, 207, 376, 95, 384, 295, 316, 421, 104, 242, 187, 396, 212, 73, 41, 75, 43, 17, 87, 91, 32, 97, 171, 19, 130, 55, 12, 8, 72, 45, 79, 10, 69, 16, 164, 81, 13, 14, 439, 18, 54, 425, 248, 407, 243, 40, 44, 102, 51, 129, 402, 176, 253, 403, 222, 247, 252, 153, 85, 380, 383, 256, 296, 359, 289, 351, 312, 349, 405, 234, 127, 66, 35, 3, 92, 60, 94, 98, 257, 203, 216, 225, 409, 413, 170, 264, 412, 218, 219, 183, 391, 237, 255, 299, 330, 260, 333, 305, 419, 437, 416, 272, 206, 338, 337, 268, 233, 215, 163, 201, 213, 392, 386, 71, 106, 200, 152, 202, 142, 254, 184, 306, 353, 360, 325, 328, 302, 278, 258, 285, 346, 244, 274, 174, 339, 149, 341, 347, 56, 61, 20, 53, 246, 172, 348, 313, 415, 177, 158, 259, 429, 194, 192, 122, 156, 217, 224, 394, 128, 150, 399, 162, 68, 105, 139, 140, 382, 28, 113, 377, 29, 23, 143, 193, 205, 287, 426, 290, 304, 320]

Input: st70.tsp
Costs: 
844.3637570717724,834.7761167065039,848.1433488829915,
Mean cost: 842.4277408870893
Std Deviation: 31.654562010365158
Best path:
Distance:834.7761167065039
Path: [55, 49, 28, 26, 7, 32, 42, 6, 41, 43, 68, 44, 14, 20, 30, 40, 61, 39, 45, 25, 27, 46, 9, 17, 21, 34, 12, 33, 54, 62, 67, 48, 11, 56, 65, 64, 51, 60, 52, 5, 10, 50, 47, 1, 58, 37, 16, 36, 23, 38, 31, 13, 29, 70, 35, 69, 59, 63, 22, 66, 53, 57, 24, 15, 19, 2, 18, 4, 3, 8]

