Input: eil101.tsp
Costs:
645.0,643.0,644.0,646.0,647.0,641.0,641.0,647.0,638.0,641.0,643.0,648.0,646.0,642.0,645.0,643.0,637.0,645.0,642.0,647.0,645.0,643.0,645.0,649.0,643.0,642.0,640.0,646.0,637.0,646.0,
Mean cost: 643.5666666666667
Std Deviation: 3.04065051519499
Best path:
Distance:637.0
Path: [31, 70, 30, 20, 66, 65, 71, 35, 34, 78, 81, 9, 51, 33, 79, 3, 77, 76, 50, 1, 69, 27, 28, 101, 53, 58, 40, 26, 12, 80, 68, 29, 24, 54, 55, 25, 4, 39, 67, 23, 56, 75, 22, 41, 74, 72, 73, 21, 2, 57, 15, 43, 14, 38, 44, 86, 16, 61, 85, 93, 99, 96, 59, 92, 37, 98, 91, 100, 42, 87, 97, 95, 13, 94, 6, 89, 52, 18, 83, 60, 5, 84, 17, 45, 46, 8, 82, 7, 48, 19, 47, 36, 49, 64, 11, 63, 90, 32, 10, 62, 88]

Input: eil51.tsp
Costs:
427.0,426.0,426.0,427.0,426.0,427.0,426.0,427.0,428.0,427.0,427.0,428.0,429.0,428.0,430.0,428.0,428.0,427.0,428.0,429.0,427.0,426.0,426.0,427.0,427.0,426.0,429.0,428.0,428.0,426.0,
Mean cost: 427.3
Std Deviation: 1.0692676621563626
Best path:
Distance:426.0
Path: [19, 40, 41, 13, 25, 14, 24, 43, 7, 23, 48, 6, 27, 51, 46, 12, 47, 18, 4, 17, 37, 5, 38, 11, 32, 1, 22, 8, 26, 31, 28, 3, 36, 35, 20, 2, 29, 21, 16, 50, 34, 30, 9, 49, 10, 39, 33, 45, 15, 44, 42]

Input: eil76.tsp
Costs:
552.0,548.0,544.0,547.0,545.0,542.0,546.0,538.0,550.0,547.0,549.0,545.0,549.0,549.0,545.0,547.0,544.0,544.0,541.0,548.0,542.0,547.0,541.0,546.0,546.0,545.0,545.0,547.0,554.0,545.0,
Mean cost: 545.9333333333333
Std Deviation: 3.2653058390022562
Best path:
Distance:538.0
Path: [60, 70, 20, 37, 5, 15, 57, 13, 54, 19, 8, 35, 7, 53, 14, 59, 66, 11, 65, 38, 10, 31, 55, 25, 50, 18, 24, 49, 23, 56, 41, 43, 42, 64, 22, 62, 1, 73, 33, 63, 16, 3, 44, 32, 9, 39, 72, 58, 12, 40, 17, 51, 6, 68, 4, 75, 76, 26, 67, 34, 46, 52, 27, 45, 29, 48, 30, 2, 74, 28, 61, 21, 47, 36, 69, 71]

Input: kroA100.tsp
Costs:
21523.0,21393.0,21460.0,21793.0,21343.0,21378.0,21379.0,21682.0,21388.0,21527.0,21528.0,21282.0,21346.0,21469.0,21500.0,21416.0,21562.0,21486.0,21591.0,21432.0,21461.0,21472.0,21485.0,21601.0,21656.0,21683.0,21621.0,21680.0,21378.0,21560.0,
Mean cost: 21502.5
Std Deviation: 120.12181317312856
Best path:
Distance:21282.0
Path: [26, 65, 4, 97, 56, 80, 31, 89, 42, 8, 92, 75, 19, 90, 49, 6, 63, 1, 47, 93, 28, 67, 58, 61, 51, 87, 25, 81, 69, 64, 40, 54, 2, 44, 50, 73, 68, 85, 82, 95, 13, 76, 33, 37, 5, 52, 78, 96, 39, 30, 48, 100, 41, 71, 14, 3, 43, 46, 29, 34, 83, 55, 7, 9, 57, 20, 12, 27, 86, 35, 62, 60, 77, 23, 98, 91, 45, 32, 11, 15, 17, 59, 74, 21, 72, 10, 84, 36, 99, 38, 24, 18, 79, 53, 88, 16, 94, 22, 70, 66]

Input: kroC100.tsp
Costs:
20812.0,20975.0,20797.0,20947.0,20921.0,20897.0,20929.0,21097.0,20937.0,21003.0,21122.0,21000.0,21027.0,21225.0,21028.0,20967.0,21101.0,21180.0,20812.0,21144.0,21241.0,21068.0,21089.0,20915.0,21045.0,20853.0,20769.0,21187.0,20811.0,20856.0,
Mean cost: 20991.833333333332
Std Deviation: 132.45479312664463
Best path:
Distance:20769.0
Path: [31, 47, 67, 55, 42, 20, 64, 79, 13, 15, 27, 85, 1, 53, 40, 12, 93, 49, 18, 29, 46, 24, 32, 61, 26, 7, 82, 78, 9, 37, 16, 51, 63, 44, 66, 48, 84, 11, 52, 87, 96, 97, 81, 45, 33, 100, 74, 57, 36, 10, 92, 19, 99, 14, 4, 60, 69, 3, 73, 59, 41, 89, 21, 23, 70, 76, 91, 94, 95, 50, 62, 83, 72, 86, 5, 43, 56, 71, 38, 39, 28, 88, 98, 58, 34, 90, 25, 17, 8, 22, 75, 6, 54, 2, 35, 68, 30, 77, 80, 65]

Input: kroD100.tsp
Costs:
21615.0,21918.0,21455.0,21309.0,21712.0,21909.0,21580.0,21382.0,21752.0,21798.0,21663.0,21504.0,21544.0,21483.0,21717.0,21485.0,21658.0,21520.0,21793.0,21641.0,21792.0,21575.0,21500.0,21529.0,21549.0,21847.0,21690.0,21896.0,21715.0,21629.0,
Mean cost: 21638.666666666668
Std Deviation: 154.05612252970957
Best path:
Distance:21309.0
Path: [22, 58, 29, 36, 67, 75, 7, 74, 61, 76, 80, 72, 57, 31, 78, 99, 45, 33, 68, 14, 65, 86, 96, 16, 63, 54, 91, 77, 43, 64, 85, 59, 3, 83, 40, 6, 18, 82, 25, 20, 9, 10, 21, 47, 12, 28, 56, 95, 26, 87, 55, 92, 48, 2, 100, 30, 35, 51, 19, 37, 62, 5, 53, 60, 44, 93, 4, 71, 39, 73, 41, 84, 15, 69, 46, 52, 8, 66, 38, 34, 81, 27, 24, 88, 79, 13, 1, 50, 94, 32, 97, 98, 49, 70, 89, 90, 17, 11, 23, 42]

Input: lin105.tsp
Costs:
14838.0,14468.0,14603.0,14728.0,14484.0,14758.0,14577.0,14536.0,14740.0,14534.0,14594.0,14647.0,14593.0,14456.0,14638.0,14631.0,14438.0,14546.0,14556.0,14721.0,14681.0,14537.0,14490.0,14599.0,14509.0,14442.0,14672.0,14545.0,14460.0,14672.0,
Mean cost: 14589.766666666666
Std Deviation: 102.36558123813991
Best path:
Distance:14438.0
Path: [14, 13, 4, 5, 9, 8, 12, 3, 1, 2, 6, 7, 10, 11, 15, 103, 21, 22, 29, 30, 31, 32, 33, 28, 23, 20, 27, 24, 19, 16, 17, 18, 25, 26, 36, 37, 42, 41, 43, 46, 52, 53, 58, 57, 54, 51, 47, 44, 104, 40, 49, 45, 48, 50, 55, 56, 59, 105, 62, 63, 70, 69, 74, 75, 81, 73, 76, 80, 86, 79, 77, 72, 64, 67, 68, 71, 78, 82, 83, 84, 85, 91, 92, 96, 97, 101, 102, 93, 89, 90, 98, 99, 100, 95, 94, 88, 87, 66, 65, 61, 60, 39, 38, 35, 34]

Input: pcb442.tsp
Costs:
182280.0,185403.0,181007.0,179109.0,179173.0,179239.0,185193.0,183726.0,176467.0,180659.0,184679.0,182680.0,178961.0,178384.0,176510.0,181011.0,182886.0,182040.0,178386.0,179585.0,180305.0,182106.0,185415.0,181284.0,180940.0,180891.0,182776.0,179099.0,178316.0,180775.0,
Mean cost: 180976.16666666666
Std Deviation: 2401.450812645463
Best path:
Distance:176467.0
Path: [224, 395, 203, 190, 201, 202, 351, 309, 285, 342, 341, 339, 346, 347, 348, 349, 279, 276, 273, 234, 278, 299, 326, 364, 365, 367, 370, 375, 374, 373, 328, 369, 368, 345, 431, 366, 258, 218, 206, 197, 180, 178, 155, 143, 181, 219, 170, 209, 208, 131, 55, 88, 391, 217, 248, 425, 289, 243, 241, 270, 269, 266, 240, 399, 151, 174, 173, 104, 137, 387, 127, 401, 228, 239, 282, 281, 428, 277, 271, 267, 274, 238, 235, 244, 287, 280, 440, 283, 308, 310, 343, 356, 344, 418, 221, 138, 128, 233, 257, 256, 225, 165, 129, 106, 154, 265, 410, 414, 237, 411, 220, 199, 210, 134, 160, 125, 124, 436, 112, 95, 380, 96, 113, 135, 148, 383, 384, 97, 30, 31, 376, 377, 33, 98, 65, 62, 16, 17, 50, 20, 54, 87, 58, 24, 59, 92, 90, 27, 60, 26, 61, 101, 94, 93, 22, 53, 18, 15, 14, 44, 39, 3, 36, 67, 68, 70, 71, 69, 37, 38, 115, 396, 392, 212, 403, 211, 150, 139, 164, 177, 188, 245, 253, 297, 295, 294, 321, 359, 430, 323, 361, 327, 363, 325, 264, 207, 412, 216, 301, 362, 298, 360, 435, 429, 300, 419, 422, 259, 193, 260, 182, 232, 255, 296, 250, 415, 222, 230, 191, 107, 119, 398, 252, 426, 433, 352, 293, 424, 214, 130, 108, 439, 49, 81, 394, 156, 133, 132, 408, 236, 121, 168, 145, 196, 195, 142, 393, 242, 247, 357, 355, 354, 320, 318, 316, 313, 340, 314, 315, 288, 290, 319, 322, 324, 358, 434, 353, 350, 312, 421, 397, 176, 163, 153, 175, 389, 35, 66, 2, 34, 1, 442, 400, 185, 114, 103, 126, 102, 441, 136, 386, 13, 7, 116, 9, 43, 75, 72, 73, 8, 10, 42, 11, 79, 100, 204, 416, 268, 263, 262, 261, 420, 275, 437, 423, 123, 122, 158, 146, 198, 184, 183, 171, 159, 226, 438, 332, 330, 306, 432, 371, 335, 334, 307, 329, 304, 305, 331, 333, 372, 338, 337, 336, 427, 272, 409, 246, 249, 251, 302, 404, 413, 194, 205, 179, 189, 303, 390, 192, 169, 23, 379, 63, 28, 91, 32, 64, 29, 147, 111, 110, 86, 83, 84, 381, 157, 144, 117, 161, 186, 152, 162, 172, 149, 227, 405, 406, 187, 200, 166, 388, 74, 41, 5, 4, 40, 6, 76, 77, 105, 46, 140, 118, 120, 213, 407, 215, 254, 231, 167, 382, 25, 57, 378, 385, 109, 52, 21, 19, 12, 45, 99, 47, 78, 80, 82, 56, 89, 85, 51, 48, 402, 141, 229, 311, 284, 286, 317, 292, 291, 417, 223]

Input: pr2392.tsp
Costs:
9016755.0,8946607.0,9002736.0,8992288.0,8981392.0,8941192.0,8939689.0,8984045.0,9023051.0,8976778.0,8905343.0,8944458.0,8885740.0,8911631.0,8980730.0,8967228.0,8933498.0,9017596.0,8952147.0,9017030.0,8910222.0,9017477.0,8966221.0,8977024.0,8927696.0,8998934.0,8969593.0,9026342.0,8973865.0,8968064.0,
Mean cost: 8968512.4
Std Deviation: 37626.78274102105
Best path:
Distance:8885740.0
Path: [176, 1209, 2244, 2144, 1306, 2085, 825, 1969, 580, 1657, 1815, 1831, 1724, 1929, 967, 1586, 2210, 1670, 1600, 950, 2087, 1304, 2328, 1277, 1414, 2376, 172, 148, 2167, 2178, 2152, 2044, 683, 385, 930, 738, 908, 876, 1711, 914, 490, 719, 711, 795, 700, 701, 716, 1941, 2385, 191, 1268, 1246, 2234, 822, 1899, 2076, 1844, 1913, 2011, 2390, 1311, 2354, 2344, 2272, 1, 2275, 2169, 2190, 2366, 2368, 17, 2358, 2157, 1605, 2074, 874, 816, 747, 1791, 847, 1433, 190, 1225, 1115, 85, 97, 56, 1202, 2299, 2269, 2271, 1406, 429, 958, 1423, 1300, 1557, 1401, 2055, 1577, 1689, 1642, 2211, 1024, 2192, 1036, 1475, 2150, 1379, 1410, 1139, 1138, 221, 1233, 2060, 1695, 706, 2095, 1465, 1558, 913, 504, 1953, 1090, 2029, 27, 2355, 2284, 2373, 1197, 254, 1445, 88, 1243, 382, 167, 972, 1290, 1146, 1092, 1169, 1444, 57, 754, 1794, 689, 863, 1454, 2069, 2032, 1781, 1731, 756, 1703, 2012, 1366, 2298, 1229, 1147, 1055, 1040, 1331, 2274, 1493, 321, 1571, 1629, 1004, 864, 1698, 421, 1002, 1058, 1079, 866, 1667, 496, 1792, 547, 544, 546, 577, 488, 899, 1771, 554, 641, 614, 1733, 2027, 1956, 336, 1726, 2362, 1543, 1077, 125, 933, 1200, 1230, 1252, 1439, 1236, 1450, 146, 137, 280, 896, 1183, 99, 47, 2348, 2361, 1014, 2164, 695, 499, 644, 723, 819, 1748, 1470, 186, 458, 365, 151, 213, 1044, 70, 2215, 1602, 1632, 584, 1646, 1894, 1872, 1957, 1984, 1908, 969, 973, 354, 624, 425, 1985, 1997, 1800, 515, 741, 1730, 1841, 1988, 1839, 848, 895, 817, 798, 578, 2317, 1171, 138, 39, 368, 1069, 386, 959, 773, 1581, 1578, 1551, 995, 1112, 196, 156, 1330, 25, 42, 1208, 290, 162, 357, 264, 1132, 371, 310, 800, 1686, 1460, 1573, 830, 771, 579, 926, 2392, 2232, 1083, 955, 628, 625, 897, 1930, 1709, 832, 2004, 1859, 805, 842, 531, 2184, 2110, 2112, 2201, 375, 1227, 1256, 1370, 2243, 966, 424, 1223, 1109, 1759, 1817, 1649, 1634, 1636, 1012, 1637, 2241, 338, 294, 1699, 927, 820, 949, 384, 808, 1137, 67, 1343, 1544, 1074, 1038, 2159, 1616, 2056, 2030, 1834, 1611, 2148, 1495, 1407, 1372, 2180, 2218, 2068, 1959, 1898, 2083, 1479, 1916, 1452, 311, 615, 1780, 267, 2249, 1091, 1375, 621, 737, 735, 634, 775, 758, 840, 2116, 2034, 2202, 784, 122, 207, 451, 1104, 1184, 297, 991, 1249, 1363, 9, 1486, 1437, 343, 77, 824, 686, 1635, 767, 844, 423, 450, 1149, 353, 177, 1393, 1492, 1490, 2140, 1210, 98, 1211, 124, 1063, 1013, 344, 1116, 1050, 1440, 1613, 2089, 1725, 1950, 1673, 1614, 2261, 2155, 100, 239, 276, 174, 1134, 1189, 456, 487, 428, 1679, 1662, 1623, 2119, 2130, 2301, 2161, 2306, 74, 360, 1192, 2291, 2222, 1352, 1324, 1269, 1569, 902, 944, 462, 1188, 1449, 734, 792, 395, 369, 1390, 222, 255, 1151, 1273, 998, 1618, 1774, 1764, 1746, 2123, 1656, 916, 536, 613, 1693, 1321, 2347, 2337, 1276, 2322, 2051, 964, 481, 2212, 1389, 1244, 248, 332, 391, 383, 1215, 461, 639, 396, 314, 984, 804, 905, 1561, 1217, 261, 298, 555, 489, 204, 223, 1358, 1530, 2323, 2304, 673, 1778, 1166, 173, 412, 440, 525, 1399, 1289, 2335, 1598, 953, 265, 104, 130, 152, 197, 1206, 1395, 1700, 2370, 2320, 1382, 1204, 2302, 1333, 1409, 1508, 1842, 1936, 606, 818, 251, 1713, 2176, 1521, 2073, 1638, 1025, 1625, 562, 1797, 1758, 1565, 942, 485, 868, 1628, 1948, 1785, 1645, 2101, 1807, 142, 1499, 1405, 2364, 1467, 1585, 1828, 1832, 1968, 1105, 1128, 301, 111, 1222, 963, 962, 400, 195, 2289, 2315, 160, 1181, 785, 729, 1891, 2099, 2105, 1852, 757, 704, 2013, 2225, 2250, 1535, 1680, 313, 422, 1596, 2280, 1545, 392, 419, 983, 981, 1136, 2229, 687, 727, 1123, 287, 364, 1161, 1155, 1157, 216, 240, 317, 1034, 1347, 1299, 304, 394, 289, 1193, 1172, 1911, 1940, 1922, 2043, 1665, 1721, 671, 1631, 2048, 2040, 2042, 917, 749, 561, 527, 534, 538, 464, 493, 643, 1590, 774, 828, 1335, 2333, 1143, 1218, 1078, 1228, 355, 1213, 112, 259, 1415, 1463, 2290, 2371, 2017, 1608, 672, 1846, 1675, 2086, 2128, 884, 1718, 2050, 2359, 2186, 1728, 1881, 2107, 1529, 2270, 35, 14, 1263, 96, 1271, 1270, 1119, 1093, 911, 880, 1845, 1310, 2061, 2292, 2321, 333, 2220, 2345, 292, 1572, 1106, 347, 214, 165, 234, 1359, 1194, 1539, 2262, 922, 654, 783, 893, 1107, 1340, 2282, 1334, 1245, 2310, 1512, 43, 1564, 589, 872, 977, 393, 390, 389, 494, 431, 696, 1762, 533, 603, 937, 528, 1483, 2100, 2094, 2251, 2070, 888, 993, 1150, 158, 132, 229, 295, 113, 135, 2226, 224, 1362, 1313, 1346, 1477, 1579, 1610, 2102, 692, 1805, 477, 432, 1745, 537, 715, 951, 1097, 1404, 1385, 1339, 1320, 2387, 1964, 2052, 2091, 1919, 2120, 1633, 1619, 1525, 1469, 1958, 1914, 1804, 1976, 633, 601, 484, 486, 1878, 2106, 1664, 1924, 1928, 523, 610, 617, 549, 476, 618, 491, 511, 433, 415, 814, 630, 678, 823, 470, 583, 520, 558, 733, 467, 971, 2257, 1135, 376, 1509, 1248, 171, 1087, 974, 1554, 94, 69, 1548, 1541, 1474, 1546, 849, 1906, 1890, 1750, 910, 2059, 1986, 1907, 1934, 1381, 61, 1267, 1540, 1909, 1660, 356, 1160, 1770, 1776, 1887, 2016, 2237, 1507, 2163, 1594, 1666, 766, 1009, 891, 878, 1765, 1456, 75, 58, 2233, 2207, 932, 596, 750, 631, 665, 594, 570, 821, 1506, 1365, 32, 26, 31, 1292, 1294, 1360, 1296, 2182, 1504, 474, 646, 1727, 648, 635, 780, 1884, 1883, 1653, 1853, 1954, 1877, 1955, 1999, 545, 129, 979, 627, 705, 680, 1066, 1353, 1037, 1275, 2200, 2198, 1678, 1799, 1710, 1528, 1533, 1120, 237, 315, 907, 2256, 1179, 49, 72, 1207, 247, 206, 2329, 144, 41, 7, 1422, 1033, 228, 274, 947, 1583, 956, 743, 308, 268, 1065, 1591, 1587, 1621, 1672, 1099, 1552, 929, 435, 1814, 657, 560, 1654, 1473, 769, 843, 651, 2035, 2093, 1866, 2067, 362, 417, 367, 1462, 1261, 1272, 2236, 2293, 1133, 1178, 1952, 1925, 1885, 2014, 2033, 1516, 1386, 1071, 325, 982, 1140, 211, 282, 413, 661, 1607, 826, 1609, 1851, 2092, 1843, 1943, 799, 833, 2242, 2260, 350, 180, 12, 24, 2343, 1494, 1164, 1196, 217, 242, 241, 1130, 141, 1284, 1027, 134, 2181, 2160, 2389, 1042, 2147, 2374, 1487, 238, 331, 45, 208, 1696, 1945, 1526, 2036, 1510, 1342, 882, 1838, 1251, 377, 879, 901, 688, 941, 508, 512, 732, 726, 809, 1314, 21, 2388, 316, 2165, 1436, 2248, 185, 250, 1394, 1129, 275, 345, 2300, 1549, 1438, 1397, 1257, 1392, 1214, 1088, 903, 463, 807, 416, 881, 587, 535, 867, 1566, 1630, 1010, 351, 2296, 170, 745, 1760, 2324, 10, 2326, 2285, 1322, 2319, 101, 118, 359, 60, 63, 1280, 1351, 1281, 1156, 1142, 943, 460, 1383, 2216, 1671, 1327, 2340, 1309, 1503, 2166, 1461, 312, 309, 328, 128, 106, 219, 227, 140, 81, 66, 136, 348, 946, 378, 1933, 1939, 1876, 1816, 1857, 373, 1254, 2286, 2277, 552, 459, 335, 256, 694, 441, 970, 409, 482, 521, 600, 569, 591, 1708, 1308, 1489, 1278, 263, 327, 1822, 662, 1082, 2129, 1242, 89, 1061, 334, 1412, 175, 1500, 718, 761, 939, 1833, 1905, 1553, 1655, 853, 1255, 272, 299, 772, 1006, 1517, 674, 1761, 1910, 4, 2331, 2350, 994, 918, 739, 626, 791, 1562, 2154, 1819, 1864, 1826, 1808, 935, 887, 829, 1995, 1856, 1719, 1017, 169, 1048, 1427, 1291, 62, 1153, 1498, 1015, 2041, 1789, 1790, 1755, 1858, 2142, 1874, 1931, 1714, 300, 380, 1893, 1788, 945, 859, 2001, 1622, 1606, 2258, 1491, 2227, 1125, 1084, 1148, 455, 449, 586, 803, 471, 572, 779, 581, 2082, 1837, 236, 92, 143, 40, 2352, 2330, 1559, 1795, 2038, 2131, 788, 2121, 2179, 1523, 2209, 2197, 1056, 1538, 1127, 980, 324, 372, 117, 1216, 87, 48, 1219, 1451, 1411, 1378, 225, 1253, 147, 95, 1152, 1051, 257, 453, 976, 1047, 2303, 2357, 1307, 2146, 1323, 1041, 1122, 1258, 1240, 1556, 1416, 1464, 2221, 1070, 1173, 543, 605, 636, 1023, 985, 755, 1860, 1901, 2045, 1650, 1935, 1873, 1869, 1319, 1357, 1316, 1295, 53, 1264, 133, 361, 871, 1080, 846, 1827, 961, 1103, 1062, 1180, 55, 1429, 273, 330, 1400, 921, 1067, 1380, 1371, 363, 320, 1775, 588, 760, 782, 1847, 1124, 1096, 1121, 1329, 781, 1580, 50, 1369, 127, 1368, 418, 1524, 2153, 2171, 2138, 2208, 1312, 2297, 1431, 2187, 1348, 2283, 2341, 2173, 1030, 1753, 1089, 1563, 1615, 655, 622, 865, 2199, 2063, 2175, 2356, 1303, 1364, 1098, 811, 915, 806, 787, 1982, 2031, 529, 559, 724, 1754, 889, 952, 978, 2039, 854, 736, 677, 437, 322, 1016, 776, 812, 1567, 997, 166, 78, 1000, 2254, 1677, 358, 370, 319, 181, 183, 1235, 1345, 1144, 232, 269, 44, 1373, 1282, 54, 226, 249, 975, 1338, 8, 19, 2259, 1588, 1518, 1595, 2108, 1620, 68, 1158, 82, 1315, 1413, 91, 342, 1285, 1266, 557, 568, 479, 1054, 1032, 1639, 1459, 2383, 2360, 1085, 1560, 2104, 2118, 2168, 1921, 277, 885, 676, 873, 653, 649, 1744, 1305, 2342, 1361, 80, 83, 131, 65, 2327, 199, 934, 1697, 802, 883, 858, 1782, 604, 608, 684, 1784, 656, 1962, 2037, 439, 968, 541, 663, 1643, 850, 1100, 1003, 1476, 1317, 2268, 37, 1190, 349, 110, 34, 841, 988, 2238, 877, 645, 1185, 79, 284, 1481, 46, 2365, 1519, 986, 1072, 387, 6, 599, 670, 1798, 659, 1779, 1734, 1840, 1191, 765, 768, 623, 722, 540, 831, 1923, 1904, 1912, 1886, 1811, 1796, 1717, 1641, 693, 1472, 1991, 2007, 923, 1926, 2113, 839, 1001, 1328, 15, 2346, 192, 2213, 2149, 1704, 2049, 1514, 2193, 2276, 1332, 3, 2172, 1520, 2143, 725, 500, 473, 1705, 730, 1848, 2046, 2240, 2084, 1531, 438, 2273, 20, 28, 2136, 1597, 2217, 1430, 1374, 516, 513, 815, 530, 296, 1108, 1101, 2266, 2246, 904, 565, 2252, 1515, 598, 398, 405, 1060, 105, 366, 337, 702, 679, 30, 2287, 2325, 1162, 960, 1073, 492, 279, 1694, 860, 469, 669, 1927, 1863, 1932, 2090, 1738, 518, 954, 407, 1145, 1947, 2005, 1682, 2255, 2245, 1707, 2230, 341, 218, 258, 194, 145, 76, 270, 912, 285, 231, 93, 115, 198, 201, 2137, 2021, 1729, 1534, 1022, 278, 1425, 553, 869, 1163, 1187, 154, 1849, 1647, 281, 107, 51, 1118, 1441, 920, 420, 526, 501, 452, 1626, 2141, 2312, 2367, 2267, 720, 1751, 414, 1203, 861, 797, 751, 509, 1963, 1691, 445, 609, 507, 571, 650, 1966, 1961, 1990, 660, 690, 1706, 1740, 666, 1555, 1232, 1419, 1288, 2008, 2145, 1547, 401, 410, 611, 1992, 1824, 1993, 1902, 1867, 1975, 1903, 2020, 11, 120, 86, 22, 2058, 1974, 1882, 1793, 1659, 2000, 667, 763, 1996, 1757, 1772, 620, 1453, 938, 556, 532, 924, 454, 574, 495, 778, 444, 210, 928, 1801, 436, 465, 286, 1627, 2026, 1944, 1810, 1889, 1836, 1972, 2126, 1601, 567, 1007, 2183, 2206, 215, 1046, 1426, 2281, 126, 388, 906, 1752, 948, 875, 1918, 1825, 1820, 2047, 685, 698, 434, 717, 632, 1998, 1818, 1773, 1942, 1949, 1803, 1977, 1937, 1978, 703, 699, 2025, 2079, 1960, 1989, 1875, 707, 682, 1496, 2279, 2170, 712, 898, 813, 2109, 2057, 681, 1821, 1777, 542, 1787, 548, 1967, 857, 480, 793, 2065, 664, 731, 1005, 862, 1484, 1823, 1701, 1568, 1447, 352, 1031, 2308, 121, 159, 1057, 447, 408, 957, 602, 1684, 2078, 691, 1501, 2177, 2219, 1239, 163, 157, 1205, 1212, 59, 73, 1026, 1536, 1059, 123, 235, 220, 326, 266, 245, 1174, 1687, 790, 1683, 1702, 2015, 551, 524, 503, 564, 519, 638, 539, 575, 1737, 2019, 1868, 629, 406, 472, 1865, 1141, 505, 1712, 1674, 2077, 1739, 1434, 119, 246, 744, 252, 71, 919, 550, 728, 582, 443, 1102, 1018, 1234, 168, 288, 2318, 2122, 1576, 1020, 1019, 987, 1117, 746, 990, 1199, 155, 187, 2189, 1756, 1113, 1114, 346, 2338, 2125, 1915, 2096, 1829, 1871, 1970, 1938, 1895, 1896, 1809, 616, 675, 1612, 2191, 2278, 1283, 1355, 1176, 475, 1685, 697, 1768, 403, 149, 1168, 1238, 1287, 1154, 1053, 1421, 1424, 1260, 102, 200, 114, 1029, 1455, 2205, 1446, 640, 748, 1749, 837, 1064, 205, 90, 1131, 1226, 1170, 1349, 1951, 1367, 1617, 1786, 652, 1676, 2235, 1532, 2195, 1599, 2028, 1661, 2002, 1747, 759, 835, 318, 293, 612, 573, 517, 931, 658, 563, 936, 1736, 1652, 742, 607, 1648, 2081, 752, 283, 1513, 2158, 446, 244, 184, 193, 894, 1391, 1182, 103, 2381, 18, 2313, 1428, 1448, 2071, 1651, 1850, 1892, 1946, 2064, 13, 1265, 212, 1220, 1175, 139, 2247, 1511, 1049, 1443, 1482, 262, 202, 64, 1028, 1045, 2332, 5, 2382, 16, 2339, 153, 764, 2003, 2009, 1897, 182, 1417, 2, 1478, 2062, 2023, 2204, 179, 116, 52, 164, 108, 1301, 2224, 1589, 1570, 740, 1458, 1735, 1742, 1008, 566, 1979, 619, 1965, 1987, 1994, 2097, 2117, 647, 753, 668, 810, 637, 510, 427, 2294, 2311, 1302, 2386, 33, 2391, 1297, 2378, 2363, 1318, 2305, 1201, 260, 291, 323, 271, 1720, 1767, 1763, 642, 1769, 1870, 1830, 1813, 1766, 1743, 1783, 430, 478, 1862, 1039, 1584, 302, 253, 230, 2265, 2223, 2253, 1575, 1854, 1983, 1126, 2295, 2372, 1537, 1592, 2127, 597, 1741, 2053, 900, 2188, 2124, 1900, 2098, 1574, 1081, 1086, 965, 708, 713, 1880, 2018, 2072, 1325, 2309, 2384, 1402, 1337, 855, 1663, 1298, 2156, 2196, 892, 836, 925, 1644, 1488, 329, 1388, 2231, 2380, 2139, 2353, 2369, 2151, 374, 188, 1186, 339, 1505, 2103, 2080, 2111, 2022, 1732, 786, 426, 1723, 1692, 852, 2115, 1522, 2024, 2010, 1593, 1669, 2132, 1435, 189, 1198, 1377, 1376, 38, 1221, 1076, 2194, 1442, 1716, 1052, 856, 340, 1224, 1247, 1095, 1021, 870, 1420, 2134, 2075, 2239, 1167, 178, 1262, 1396, 1384, 1604, 1917, 1624, 1973, 522, 845, 1011, 827, 1888, 243, 209, 411, 1068, 442, 161, 1165, 150, 2114, 2228, 1722, 1806, 2135, 2006, 2066, 1341, 1035, 1350, 1293, 1274, 84, 909, 305, 399, 1681, 307, 762, 483, 498, 576, 595, 1582, 1497, 2133, 2185, 2054, 1920, 1398, 29, 1110, 1668, 1468, 1480, 1485, 770, 2088, 1658, 1980, 1403, 1336, 1241, 1432, 1408, 1471, 1043, 1387, 1466, 2334, 1457, 1094, 303, 109, 2349, 1344, 1502, 2174, 2379, 2336, 2351, 2375, 1418, 2264, 2316, 1259, 448, 1715, 23, 36, 989, 996, 940, 796, 890, 1279, 497, 1550, 714, 402, 514, 721, 1111, 1354, 379, 2314, 1237, 1159, 1177, 709, 1802, 2288, 1250, 1527, 1542, 777, 794, 1879, 1835, 2263, 502, 585, 593, 506, 710, 203, 2307, 1603, 1690, 1855, 1981, 1286, 1075, 886, 1861, 1971, 2214, 1231, 1195, 466, 468, 592, 789, 457, 306, 2377, 2162, 1326, 1356, 1688, 2203, 992, 801, 1640, 590, 999, 838, 834, 851, 1812, 381, 397, 404, 233]

Input: st70.tsp
Costs:
684.0,676.0,679.0,679.0,675.0,675.0,680.0,677.0,680.0,681.0,681.0,682.0,678.0,676.0,682.0,676.0,680.0,681.0,680.0,681.0,683.0,679.0,681.0,678.0,681.0,677.0,679.0,682.0,680.0,676.0,
Mean cost: 679.3
Std Deviation: 2.396525262402492
Best path:
Distance:675.0
Path: [38, 31, 69, 35, 70, 13, 29, 36, 1, 23, 16, 47, 37, 58, 50, 51, 56, 65, 64, 11, 48, 67, 54, 62, 33, 21, 34, 12, 60, 52, 10, 5, 53, 6, 41, 43, 17, 9, 40, 61, 39, 25, 45, 46, 27, 68, 44, 30, 20, 14, 28, 49, 55, 26, 8, 3, 32, 42, 18, 4, 2, 7, 19, 24, 15, 57, 63, 66, 22, 59]

