Input: eil101.tsp
Costs:
651.0,
Mean cost: 651.0
Std Deviation: 0.0
Best path:
Distance:651.0
Path: [100, 37, 98, 93, 59, 92, 99, 96, 6, 89, 52, 31, 70, 88, 7, 18, 83, 60, 5, 84, 17, 45, 46, 8, 82, 48, 47, 36, 49, 64, 11, 19, 62, 10, 63, 90, 32, 30, 20, 66, 71, 65, 35, 9, 51, 33, 81, 34, 78, 79, 3, 77, 76, 50, 1, 69, 27, 101, 53, 28, 26, 12, 80, 68, 29, 24, 54, 55, 25, 39, 67, 23, 56, 4, 75, 41, 22, 74, 72, 73, 21, 40, 58, 13, 94, 95, 97, 87, 2, 57, 15, 43, 42, 14, 44, 38, 86, 16, 61, 85, 91]

Input: eil51.tsp
Costs:
428.0,
Mean cost: 428.0
Std Deviation: 0.0
Best path:
Distance:428.0
Path: [49, 5, 38, 11, 32, 1, 22, 2, 16, 21, 29, 20, 35, 36, 3, 28, 31, 26, 8, 48, 23, 7, 43, 24, 6, 27, 51, 46, 12, 47, 4, 18, 14, 25, 13, 41, 40, 19, 42, 44, 17, 37, 15, 45, 33, 39, 10, 30, 34, 50, 9]

Input: eil76.tsp
Costs:
542.0,
Mean cost: 542.0
Std Deviation: 0.0
Best path:
Distance:542.0
Path: [49, 24, 18, 50, 25, 55, 31, 10, 38, 65, 66, 11, 59, 14, 53, 35, 7, 8, 19, 54, 13, 57, 15, 5, 37, 20, 70, 60, 71, 36, 69, 61, 21, 47, 48, 29, 45, 27, 52, 34, 46, 67, 26, 76, 75, 4, 68, 6, 51, 17, 40, 12, 58, 72, 39, 9, 32, 44, 3, 16, 63, 33, 73, 1, 62, 2, 30, 74, 28, 22, 64, 42, 43, 41, 56, 23]

Input: kroA100.tsp
Costs:
21607.0,
Mean cost: 21607.0
Std Deviation: 0.0
Best path:
Distance:21607.0
Path: [15, 17, 59, 74, 21, 72, 10, 84, 36, 99, 38, 24, 18, 79, 53, 88, 16, 94, 22, 70, 66, 26, 65, 4, 19, 75, 97, 56, 80, 31, 89, 42, 8, 92, 1, 63, 6, 49, 90, 47, 93, 28, 67, 58, 61, 51, 87, 25, 81, 85, 68, 73, 69, 64, 40, 54, 2, 44, 50, 82, 95, 13, 76, 33, 37, 5, 52, 78, 96, 39, 30, 48, 100, 41, 71, 14, 3, 43, 46, 29, 34, 83, 55, 7, 9, 57, 12, 27, 35, 86, 20, 62, 60, 77, 23, 98, 91, 45, 32, 11]

Input: kroC100.tsp
Costs:
21492.0,
Mean cost: 21492.0
Std Deviation: 0.0
Best path:
Distance:21492.0
Path: [27, 85, 1, 53, 40, 12, 60, 4, 93, 49, 18, 37, 29, 46, 24, 32, 61, 26, 7, 82, 78, 9, 16, 51, 63, 44, 66, 48, 84, 11, 52, 87, 96, 97, 81, 100, 33, 45, 92, 10, 19, 99, 14, 36, 57, 74, 69, 3, 73, 59, 41, 89, 21, 70, 76, 94, 95, 91, 23, 35, 2, 68, 30, 77, 80, 65, 6, 54, 62, 83, 72, 50, 86, 5, 43, 56, 71, 38, 39, 28, 88, 98, 58, 34, 90, 25, 17, 8, 22, 75, 47, 31, 67, 55, 42, 20, 64, 79, 13, 15]

Input: kroD100.tsp
Costs:
22357.0,
Mean cost: 22357.0
Std Deviation: 0.0
Best path:
Distance:22357.0
Path: [14, 68, 33, 45, 99, 78, 31, 57, 72, 80, 76, 46, 52, 38, 66, 8, 61, 74, 7, 75, 67, 36, 29, 58, 22, 42, 23, 89, 70, 49, 98, 97, 32, 94, 17, 90, 11, 34, 81, 27, 50, 1, 13, 79, 88, 24, 41, 84, 69, 15, 73, 39, 91, 54, 63, 16, 77, 43, 71, 4, 93, 44, 60, 53, 5, 62, 37, 19, 51, 35, 30, 100, 2, 48, 92, 55, 87, 26, 95, 56, 28, 12, 47, 21, 10, 9, 20, 25, 82, 18, 6, 40, 83, 3, 59, 85, 64, 86, 96, 65]

Input: lin105.tsp
Costs:
14652.0,
Mean cost: 14652.0
Std Deviation: 0.0
Best path:
Distance:14652.0
Path: [96, 92, 91, 85, 84, 83, 82, 78, 71, 68, 67, 64, 62, 63, 58, 53, 52, 46, 43, 42, 41, 44, 47, 51, 54, 57, 105, 59, 56, 55, 50, 48, 45, 49, 40, 104, 33, 36, 37, 26, 25, 18, 17, 16, 19, 24, 27, 20, 23, 28, 30, 31, 32, 29, 22, 21, 103, 15, 11, 10, 7, 6, 2, 1, 3, 12, 8, 9, 5, 4, 13, 14, 34, 35, 38, 39, 60, 61, 65, 66, 87, 88, 94, 95, 100, 99, 98, 90, 89, 81, 75, 74, 70, 69, 73, 76, 80, 72, 77, 79, 86, 93, 102, 101, 97]

Input: pcb442.tsp
Costs:
288020.0,
Mean cost: 288020.0
Std Deviation: 0.0
Best path:
Distance:288020.0
Path: [351, 352, 253, 180, 408, 206, 259, 230, 294, 145, 23, 26, 92, 133, 147, 109, 16, 397, 141, 213, 425, 232, 211, 324, 10, 42, 3, 8, 12, 175, 428, 279, 238, 241, 291, 83, 119, 302, 412, 423, 210, 226, 237, 305, 330, 345, 298, 361, 322, 225, 193, 181, 168, 337, 304, 332, 432, 371, 336, 333, 307, 374, 427, 375, 373, 338, 370, 420, 328, 303, 334, 367, 372, 369, 325, 429, 362, 344, 359, 317, 320, 319, 318, 350, 343, 353, 273, 243, 266, 270, 286, 403, 191, 152, 400, 346, 281, 242, 271, 224, 233, 254, 231, 214, 78, 77, 38, 37, 149, 114, 187, 405, 13, 47, 100, 50, 54, 122, 196, 178, 90, 142, 164, 70, 104, 71, 36, 7, 82, 11, 115, 161, 162, 69, 1, 137, 151, 127, 84, 107, 21, 124, 383, 32, 57, 157, 108, 167, 53, 155, 179, 247, 321, 278, 418, 192, 381, 217, 236, 264, 265, 250, 417, 283, 349, 311, 310, 440, 313, 288, 339, 280, 248, 358, 435, 360, 335, 411, 169, 220, 113, 58, 62, 156, 123, 154, 201, 203, 221, 239, 68, 2, 102, 34, 442, 441, 72, 35, 66, 399, 188, 384, 160, 208, 194, 207, 297, 323, 415, 245, 234, 153, 190, 260, 385, 378, 388, 391, 87, 56, 368, 327, 430, 316, 284, 285, 348, 274, 269, 426, 287, 292, 299, 204, 222, 228, 116, 4, 5, 15, 128, 129, 439, 120, 30, 96, 94, 27, 88, 131, 48, 18, 24, 89, 28, 379, 95, 118, 80, 52, 19, 14, 150, 67, 126, 136, 227, 186, 173, 172, 407, 406, 229, 267, 387, 389, 39, 43, 99, 209, 170, 125, 135, 98, 97, 380, 183, 144, 263, 199, 198, 410, 437, 158, 182, 197, 422, 268, 331, 419, 148, 55, 93, 29, 59, 436, 143, 51, 22, 184, 171, 414, 159, 218, 252, 200, 163, 101, 219, 134, 390, 132, 121, 404, 272, 438, 306, 326, 301, 431, 363, 202, 166, 395, 402, 223, 257, 354, 355, 308, 276, 240, 185, 103, 76, 81, 86, 106, 139, 249, 290, 289, 315, 366, 295, 394, 130, 110, 165, 215, 189, 357, 300, 255, 246, 212, 117, 424, 340, 309, 392, 75, 46, 45, 44, 386, 174, 235, 244, 282, 277, 342, 347, 341, 433, 421, 356, 364, 216, 195, 296, 434, 293, 256, 275, 262, 365, 413, 416, 258, 409, 61, 33, 65, 377, 376, 20, 49, 74, 140, 176, 177, 393, 138, 251, 329, 261, 63, 111, 112, 31, 91, 60, 64, 25, 85, 17, 9, 6, 396, 79, 41, 40, 73, 105, 382, 398, 205, 146, 401, 314, 312]

Input: pr2392.tsp
Costs:
9921276.0,
Mean cost: 9921276.0
Std Deviation: 0.0
Best path:
Distance:9921276.0
Path: [673, 774, 2227, 1016, 202, 198, 1174, 1391, 1346, 2, 2362, 2365, 1473, 1650, 1714, 1755, 1689, 1574, 2163, 2180, 1518, 1520, 1617, 814, 1596, 1823, 1768, 2038, 942, 565, 421, 726, 517, 766, 705, 2051, 1835, 415, 732, 314, 253, 167, 1186, 1105, 1311, 2277, 2352, 2295, 1957, 2190, 447, 608, 838, 992, 458, 531, 905, 1543, 1606, 2131, 837, 749, 1751, 1737, 1646, 1947, 1789, 603, 1283, 128, 187, 1552, 1019, 350, 385, 799, 1200, 139, 73, 163, 438, 1653, 1799, 701, 1968, 1085, 671, 2120, 2195, 2070, 873, 1836, 2250, 292, 339, 201, 1354, 165, 137, 1035, 1645, 1925, 1851, 588, 592, 1341, 2097, 1020, 1107, 590, 190, 138, 1231, 1385, 1368, 870, 653, 775, 847, 1753, 1786, 734, 1973, 1522, 1082, 1662, 471, 594, 845, 1704, 1970, 825, 1848, 727, 1762, 509, 510, 966, 2045, 1779, 1910, 1711, 2192, 2149, 2299, 1392, 345, 970, 344, 702, 1832, 1598, 859, 2235, 2084, 712, 1026, 2334, 1642, 1658, 810, 343, 1351, 356, 83, 781, 748, 713, 1767, 1841, 1759, 971, 777, 876, 912, 1308, 124, 1003, 1015, 1301, 1227, 2316, 11, 236, 1032, 915, 595, 633, 882, 1176, 1248, 155, 1165, 695, 708, 745, 579, 540, 1070, 1425, 1370, 1257, 1189, 1095, 997, 1573, 2144, 2273, 1279, 2364, 2276, 1470, 2239, 278, 1010, 1556, 2040, 2155, 2071, 1209, 351, 1757, 980, 431, 812, 261, 237, 25, 1549, 364, 1362, 26, 1119, 378, 599, 1327, 1254, 2166, 2142, 2016, 1820, 1936, 1891, 1112, 811, 394, 207, 2380, 102, 6, 2292, 2340, 2379, 1516, 2177, 2228, 2214, 2221, 886, 763, 262, 1312, 1348, 1142, 122, 1915, 1924, 1769, 1847, 1977, 1116, 369, 1555, 1739, 854, 1883, 2281, 2354, 1681, 2076, 1674, 2027, 2252, 1633, 2181, 855, 1023, 994, 913, 1053, 50, 196, 2065, 133, 1178, 2225, 1579, 1592, 867, 1533, 2388, 1954, 1982, 1906, 2000, 1879, 315, 978, 246, 252, 221, 1238, 778, 470, 760, 2007, 1974, 1416, 1194, 664, 675, 1726, 1561, 367, 179, 1277, 1335, 2072, 2138, 2135, 2044, 815, 387, 629, 682, 789, 1807, 897, 770, 1996, 1749, 2062, 1702, 1877, 1792, 1887, 1572, 785, 464, 1002, 1406, 1497, 2344, 2171, 176, 1251, 164, 1196, 1343, 1350, 1607, 1940, 1884, 358, 1137, 142, 1216, 1358, 1408, 1345, 256, 234, 1289, 1031, 842, 493, 1773, 466, 1690, 189, 111, 949, 658, 2001, 1803, 573, 1955, 1822, 1878, 2034, 648, 568, 632, 1804, 1004, 2186, 2164, 2145, 1179, 1097, 950, 486, 420, 401, 328, 89, 895, 1169, 225, 166, 112, 129, 217, 1069, 1184, 1037, 927, 525, 621, 1886, 2151, 2134, 79, 1205, 318, 104, 188, 355, 1219, 2309, 2369, 1530, 1746, 495, 921, 772, 925, 890, 2176, 1398, 2319, 360, 907, 450, 699, 519, 2025, 1438, 800, 289, 761, 1558, 1575, 805, 586, 1519, 270, 197, 1014, 1538, 2224, 1814, 641, 829, 871, 2359, 2370, 1296, 1387, 1655, 1717, 1117, 313, 1092, 548, 1263, 69, 1198, 2371, 2067, 1899, 1744, 1629, 365, 2191, 141, 127, 390, 2165, 120, 792, 850, 736, 696, 1559, 1033, 824, 335, 157, 414, 1437, 1221, 1208, 1601, 1685, 284, 2339, 2219, 372, 1627, 184, 1252, 1190, 242, 2247, 1054, 962, 1210, 1323, 8, 332, 1151, 191, 614, 751, 1922, 1929, 2098, 1567, 996, 1469, 585, 564, 454, 938, 843, 1845, 709, 634, 1985, 893, 306, 623, 606, 739, 995, 2207, 1620, 57, 2183, 2185, 2152, 54, 2148, 1880, 1868, 716, 703, 1981, 1591, 1191, 1615, 804, 752, 468, 405, 408, 1236, 1225, 1511, 1477, 839, 1102, 718, 1309, 1331, 376, 1673, 1736, 1050, 1676, 768, 572, 638, 527, 569, 2095, 945, 2074, 646, 1874, 1997, 750, 1541, 754, 488, 2234, 1487, 1772, 543, 1913, 1783, 475, 1666, 1434, 1110, 2374, 972, 1012, 1072, 758, 2057, 1864, 2085, 1856, 481, 101, 803, 1553, 16, 2205, 28, 2307, 2240, 610, 1013, 1694, 832, 35, 1347, 1270, 1090, 1104, 273, 114, 809, 615, 1987, 657, 690, 1780, 1009, 1857, 1975, 1871, 1700, 1680, 1647, 1604, 2012, 1716, 472, 2003, 1794, 1956, 1758, 570, 721, 654, 263, 2384, 44, 2328, 1353, 359, 1728, 1587, 1699, 1693, 2376, 2296, 2130, 1064, 1025, 296, 1059, 386, 1058, 382, 397, 206, 2230, 1155, 1173, 1136, 2381, 2337, 2389, 1215, 2127, 1618, 338, 215, 1285, 1546, 451, 602, 961, 730, 2175, 2206, 1512, 1414, 903, 779, 277, 964, 2110, 856, 1990, 1898, 1850, 697, 973, 714, 1369, 455, 424, 596, 788, 1809, 1451, 1402, 2306, 1315, 2327, 2133, 1701, 1120, 1920, 1998, 852, 456, 1564, 223, 244, 884, 926, 1921, 1917, 2069, 2104, 2087, 108, 2170, 249, 94, 1130, 2322, 77, 1220, 67, 1271, 1052, 1448, 326, 1223, 381, 1443, 1123, 1164, 1096, 974, 1723, 2182, 1318, 49, 609, 497, 1923, 1566, 919, 858, 612, 520, 581, 494, 720, 813, 2002, 1942, 692, 1677, 2011, 2061, 1431, 181, 1175, 1484, 1833, 2017, 2081, 1889, 2008, 665, 1784, 1876, 835, 857, 663, 177, 1521, 461, 513, 1785, 691, 174, 891, 2251, 2243, 988, 115, 1333, 43, 1344, 1339, 1114, 1141, 1139, 151, 87, 1493, 1324, 100, 86, 47, 2260, 844, 1622, 514, 1745, 147, 113, 341, 226, 46, 1262, 1338, 1506, 1550, 2284, 63, 1047, 169, 1109, 499, 954, 518, 1087, 584, 630, 591, 1712, 1888, 1806, 678, 1811, 910, 333, 305, 406, 384, 1204, 342, 1264, 1118, 1147, 1428, 1577, 2305, 1340, 2382, 1945, 1902, 806, 759, 1067, 409, 462, 503, 533, 930, 241, 388, 280, 1046, 304, 551, 655, 944, 474, 1725, 1796, 2298, 2241, 2338, 2336, 1735, 1959, 1692, 659, 767, 1610, 1465, 1616, 2353, 212, 269, 375, 607, 482, 407, 417, 911, 444, 432, 448, 2100, 2150, 957, 740, 1411, 2267, 40, 2261, 430, 1828, 1896, 1718, 1705, 2154, 2291, 1421, 1412, 1468, 45, 898, 251, 1276, 1554, 863, 2118, 1834, 728, 627, 989, 1305, 1304, 939, 1969, 818, 329, 446, 537, 1900, 983, 1034, 1022, 457, 963, 1464, 2052, 991, 2167, 1590, 1597, 1492, 1623, 831, 536, 2077, 846, 773, 598, 889, 2332, 60, 1557, 1488, 1504, 1452, 1599, 2049, 2103, 597, 504, 790, 1966, 2054, 1614, 110, 1664, 1648, 848, 802, 816, 587, 501, 530, 1960, 2009, 1978, 422, 1510, 53, 2326, 32, 2073, 1384, 1242, 2047, 1930, 491, 1731, 1727, 583, 1687, 1908, 769, 1051, 2288, 1249, 1467, 2256, 2014, 2026, 746, 247, 98, 136, 78, 2286, 2271, 2372, 1322, 1456, 558, 1995, 2211, 1281, 1300, 782, 2294, 1272, 271, 1639, 1801, 1952, 1862, 1684, 1328, 1011, 937, 1367, 80, 29, 1409, 1017, 916, 1214, 1496, 1539, 878, 492, 426, 1905, 880, 2323, 1380, 1177, 159, 1275, 2297, 2313, 1077, 18, 2263, 363, 1474, 324, 2160, 2278, 2245, 1325, 1213, 2333, 5, 74, 340, 1247, 1372, 228, 1420, 1861, 1826, 508, 545, 1863, 724, 578, 427, 391, 1088, 1218, 1259, 1489, 1537, 965, 441, 418, 452, 1588, 2218, 1608, 1771, 865, 2121, 2324, 170, 1144, 600, 669, 2351, 2238, 2209, 1853, 392, 435, 445, 618, 1818, 689, 914, 929, 473, 796, 480, 437, 1457, 2021, 1581, 1321, 1265, 1732, 715, 660, 1450, 1172, 1045, 1244, 1480, 1261, 1125, 1029, 1226, 1967, 881, 1044, 1156, 17, 175, 1479, 868, 574, 485, 298, 589, 1688, 1576, 2189, 1170, 756, 487, 674, 2139, 2346, 2109, 780, 975, 1475, 1062, 940, 723, 887, 1472, 140, 216, 297, 368, 465, 515, 521, 484, 999, 1446, 2157, 1439, 2187, 883, 2283, 2378, 2386, 1403, 1560, 953, 650, 1763, 1907, 1914, 576, 563, 1078, 2330, 2147, 1505, 2272, 1043, 1781, 698, 661, 1609, 2037, 879, 1481, 2258, 1509, 2125, 656, 719, 798, 2112, 1963, 1483, 2060, 2042, 1986, 331, 1724, 194, 389, 1432, 968, 2268, 2080, 1651, 1637, 2119, 2101, 2231, 9, 2048, 744, 643, 1797, 1965, 2093, 2126, 1501, 2347, 2265, 2363, 1201, 192, 195, 977, 220, 1166, 361, 1074, 34, 1407, 2269, 23, 59, 1197, 209, 1417, 860, 877, 357, 323, 288, 1202, 1063, 985, 404, 48, 1158, 933, 240, 134, 1134, 1534, 666, 1039, 2244, 2082, 1979, 2020, 1656, 1808, 1872, 2162, 1040, 354, 1274, 1471, 1239, 524, 1021, 1326, 2355, 19, 152, 121, 205, 88, 1094, 1513, 1371, 1494, 2156, 135, 1498, 2289, 1636, 1138, 987, 132, 377, 801, 1703, 1734, 1943, 1800, 550, 704, 872, 902, 969, 982, 399, 986, 1243, 1278, 1234, 1376, 42, 1241, 449, 917, 1395, 1507, 1582, 1709, 1250, 91, 2199, 2102, 526, 507, 58, 1150, 1424, 322, 562, 383, 1145, 934, 511, 611, 582, 1706, 2041, 1819, 958, 410, 393, 900, 1670, 694, 828, 1548, 2223, 1418, 1377, 41, 1284, 1379, 2350, 22, 347, 1127, 156, 1055, 1253, 68, 1536, 2117, 1691, 557, 561, 413, 434, 463, 1163, 1360, 2314, 37, 10, 62, 1405, 1672, 276, 150, 162, 213, 299, 303, 496, 571, 483, 1743, 257, 193, 224, 227, 84, 827, 2280, 1499, 2383, 1237, 1086, 1229, 2366, 1686, 1585, 500, 672, 943, 901, 797, 1080, 2304, 1332, 1378, 1373, 2253, 349, 1115, 1602, 1865, 1931, 864, 544, 2063, 1983, 1824, 2006, 1624, 1854, 1787, 1844, 1855, 321, 990, 1697, 820, 946, 171, 1433, 2375, 353, 334, 103, 1382, 327, 2275, 1310, 1290, 36, 161, 1024, 52, 1306, 1365, 2345, 2220, 1459, 1449, 652, 1756, 677, 2033, 1544, 1584, 894, 4, 1383, 182, 81, 1148, 266, 1258, 285, 2004, 1643, 107, 97, 948, 909, 243, 1146, 1228, 1490, 2248, 1628, 1527, 2308, 1001, 822, 710, 566, 624, 616, 1790, 1939, 2091, 2217, 39, 1113, 319, 290, 291, 316, 317, 593, 817, 776, 2124, 1613, 1605, 1733, 1916, 1528, 2213, 642, 1909, 1953, 947, 1187, 1652, 1962, 1846, 888, 286, 1081, 1121, 1028, 1152, 1030, 2342, 679, 200, 92, 398, 1160, 1036, 1042, 1124, 1870, 1593, 1657, 2174, 2202, 735, 647, 688, 1881, 2043, 559, 1852, 1827, 1485, 1569, 670, 959, 373, 955, 787, 1008, 1562, 2106, 1894, 1918, 1971, 396, 1006, 1563, 2264, 1005, 2129, 2242, 2030, 1961, 1944, 1825, 1949, 1935, 554, 538, 535, 2237, 906, 325, 795, 1654, 478, 2266, 1171, 753, 1091, 1508, 1131, 370, 312, 311, 310, 294, 1419, 1721, 853, 1447, 1211, 998, 1729, 1816, 1535, 1101, 757, 636, 1849, 2136, 300, 553, 516, 1765, 685, 1612, 27, 2348, 2301, 1444, 119, 12, 1313, 1093, 423, 928, 922, 833, 2031, 1778, 1777, 741, 644, 307, 309, 330, 149, 1389, 1495, 1048, 15, 1361, 233, 1337, 1445, 2116, 2050, 1919, 1255, 1206, 1122, 1532, 1462, 1500, 123, 1293, 849, 1133, 1188, 148, 1108, 993, 956, 412, 807, 1568, 320, 1463, 1514, 1260, 250, 374, 186, 2343, 230, 235, 439, 981, 1235, 1551, 2216, 1722, 1798, 1774, 823, 1594, 2226, 419, 1838, 1793, 1336, 1766, 1895, 1775, 1795, 337, 118, 1181, 105, 1330, 1435, 747, 861, 834, 479, 467, 755, 429, 1099, 539, 2146, 1708, 1640, 1482, 1413, 14, 2331, 38, 2158, 1713, 1545, 2196, 1840, 1760, 2010, 1873, 693, 635, 1675, 75, 1946, 821, 706, 523, 1912, 534, 1698, 1867, 1948, 1941, 82, 1273, 1182, 1140, 403, 1100, 459, 899, 1106, 1454, 2094, 1812, 840, 1730, 1649, 2204, 379, 1842, 1027, 2005, 498, 617, 1524, 24, 984, 918, 1750, 1989, 2254, 2035, 2053, 2039, 1991, 1932, 743, 1192, 1342, 238, 308, 1695, 2086, 1761, 2078, 784, 645, 1679, 2083, 1668, 1641, 1400, 1157, 99, 203, 72, 2111, 2088, 2032, 1586, 951, 274, 1061, 952, 400, 1065, 1476, 2246, 1531, 258, 428, 185, 239, 1195, 1129, 575, 1843, 1988, 1815, 2029, 1578, 1837, 436, 476, 1817, 248, 1083, 168, 1268, 2360, 2200, 1396, 2320, 56, 295, 1232, 1075, 1056, 2387, 1, 1291, 30, 1294, 1307, 1401, 2325, 2392, 1397, 2287, 1153, 2153, 254, 366, 219, 1436, 1466, 1829, 1453, 1292, 1280, 2358, 1334, 282, 173, 711, 619, 218, 172, 1357, 2178, 967, 443, 283, 264, 1068, 2198, 826, 158, 2270, 2019, 502, 542, 908, 577, 862, 1018, 960, 1071, 440, 1901, 2079, 2013, 896, 920, 1791, 885, 1103, 512, 620, 567, 836, 2212, 639, 1619, 1885, 742, 725, 651, 722, 2059, 2113, 1994, 2018, 924, 601, 765, 1937, 2232, 1126, 1128, 668, 555, 267, 287, 738, 762, 1626, 874, 204, 125, 183, 154, 90, 506, 1890, 1764, 1747, 684, 1951, 1831, 1875, 1934, 2022, 2123, 1426, 1441, 1570, 628, 1993, 687, 731, 729, 1752, 1600, 2058, 1632, 2028, 637, 2210, 1999, 2046, 2285, 2105, 1442, 2137, 1992, 1821, 2317, 2179, 245, 255, 1621, 1858, 1813, 2092, 1671, 33, 2161, 2341, 1159, 1149, 2215, 1429, 2193, 976, 395, 293, 1111, 1007, 2329, 1515, 2236, 1529, 2257, 1422, 1073, 490, 1374, 1663, 1980, 1933, 1830, 1972, 1669, 2056, 1423, 2194, 1659, 2168, 1630, 1288, 808, 604, 546, 932, 786, 1748, 1696, 640, 580, 1964, 2169, 2159, 1303, 1230, 1161, 1958, 1638, 1183, 146, 2349, 144, 1625, 2201, 1782, 631, 935, 1738, 55, 51, 2377, 1298, 1286, 2335, 1295, 1502, 1359, 2391, 1233, 662, 2274, 1162, 556, 442, 425, 2259, 1720, 469, 2184, 1212, 1193, 131, 116, 126, 64, 1366, 65, 214, 85, 70, 2300, 1430, 1926, 605, 552, 541, 229, 1076, 1565, 1927, 2229, 1355, 1282, 145, 13, 231, 2208, 2203, 2188, 2107, 2096, 1084, 1089, 2385, 2315, 683, 866, 1415, 153, 336, 275, 460, 402, 2293, 1256, 1314, 61, 979, 941, 1707, 1893, 791, 348, 76, 20, 1267, 1682, 1715, 1634, 2367, 1611, 2068, 71, 1523, 1547, 875, 841, 2064, 2015, 1741, 1866, 771, 737, 2089, 2302, 2311, 1486, 717, 622, 1460, 1038, 1440, 560, 2249, 1491, 1299, 117, 1302, 1394, 1246, 371, 96, 1316, 2390, 1329, 1631, 1683, 2140, 2222, 2321, 2368, 2255, 178, 529, 301, 1287, 1427, 260, 1057, 1882, 680, 1517, 2356, 1349, 1375, 362, 1098, 130, 199, 222, 208, 1240, 1644, 892, 1740, 522, 489, 830, 819, 1222, 95, 1207, 109, 211, 2143, 1542, 1049, 1719, 1742, 1810, 1776, 793, 279, 1224, 1393, 1503, 1269, 1356, 1455, 676, 281, 505, 626, 1603, 2114, 2262, 1478, 2290, 1754, 707, 1802, 1892, 1770, 851, 1984, 2115, 2023, 869, 2122, 106, 2173, 143, 1390, 1583, 7, 1180, 2282, 1319, 1410, 2312, 1317, 1458, 1976, 2075, 2036, 2024, 1079, 1386, 352, 1066, 180, 265, 66, 1381, 1060, 733, 433, 547, 625, 1938, 1805, 1364, 649, 1859, 1860, 1217, 1245, 2310, 2141, 2318, 1266, 1388, 528, 904, 923, 416, 1363, 1399, 1404, 681, 2066, 1635, 1526, 1132, 613, 411, 1661, 210, 21, 31, 93, 1665, 1667, 2197, 2172, 2357, 2373, 3, 2055, 1168, 477, 302, 1297, 1199, 1185, 794, 700, 667, 1928, 1911, 2108, 2132, 1595, 2128, 1320, 1352, 1143, 1041, 1203, 272, 346, 1788, 1525, 1580, 1589, 1540, 2279, 2303, 2361, 549, 686, 1950, 532, 1839, 764, 1710, 160, 268, 1461, 2233, 1571, 1897, 1903, 1869, 2099, 1904, 1660, 936, 1000, 1135, 453, 931, 1154, 1678, 2090, 783, 232, 259, 1167, 380]

Input: st70.tsp
Costs:
680.0,
Mean cost: 680.0
Std Deviation: 0.0
Best path:
Distance:680.0
Path: [2, 19, 24, 15, 57, 63, 66, 22, 59, 38, 31, 69, 35, 70, 13, 29, 36, 1, 23, 16, 47, 37, 58, 50, 51, 56, 65, 64, 11, 67, 48, 54, 62, 33, 21, 34, 12, 60, 52, 10, 5, 53, 4, 18, 42, 6, 41, 43, 17, 9, 40, 61, 39, 25, 45, 46, 27, 68, 44, 30, 20, 14, 28, 49, 55, 26, 8, 3, 32, 7]

