Input: eil101.tsp
Costs:
693.0,675.0,698.0,688.0,702.0,718.0,700.0,696.0,679.0,698.0,702.0,684.0,688.0,684.0,694.0,681.0,682.0,714.0,674.0,694.0,692.0,714.0,665.0,685.0,685.0,725.0,674.0,694.0,695.0,710.0,
Mean cost: 692.7666666666667
Std Deviation: 13.817098907593527
Best path:
Distance:665.0
Path: [59, 99, 96, 95, 97, 92, 37, 98, 85, 91, 100, 42, 57, 2, 87, 13, 94, 6, 89, 18, 52, 27, 69, 1, 50, 76, 77, 3, 79, 29, 24, 68, 80, 12, 26, 28, 101, 53, 58, 40, 21, 73, 72, 4, 54, 55, 25, 39, 67, 23, 56, 75, 74, 22, 41, 15, 43, 14, 44, 38, 86, 16, 61, 84, 17, 45, 46, 36, 49, 47, 48, 19, 11, 64, 63, 90, 32, 66, 65, 71, 35, 34, 78, 33, 81, 9, 51, 20, 30, 70, 31, 88, 10, 62, 7, 82, 8, 83, 60, 5, 93]

Input: eil51.tsp
Costs:
455.0,445.0,446.0,449.0,445.0,442.0,458.0,448.0,449.0,459.0,442.0,452.0,444.0,457.0,454.0,446.0,468.0,440.0,474.0,442.0,444.0,470.0,452.0,456.0,450.0,444.0,448.0,451.0,458.0,446.0,
Mean cost: 451.1333333333333
Std Deviation: 8.393383637657038
Best path:
Distance:440.0
Path: [40, 41, 13, 25, 14, 6, 48, 23, 24, 43, 7, 26, 8, 31, 28, 3, 36, 35, 20, 2, 29, 21, 34, 50, 16, 9, 49, 30, 10, 39, 33, 45, 15, 44, 37, 5, 38, 11, 32, 22, 1, 27, 51, 46, 12, 47, 18, 4, 17, 42, 19]

Input: eil76.tsp
Costs:
578.0,581.0,589.0,582.0,580.0,596.0,593.0,588.0,569.0,580.0,579.0,586.0,585.0,595.0,604.0,578.0,585.0,591.0,604.0,561.0,589.0,592.0,583.0,592.0,585.0,578.0,593.0,594.0,585.0,593.0,
Mean cost: 586.2666666666667
Std Deviation: 9.014556130072194
Best path:
Distance:561.0
Path: [43, 41, 56, 23, 63, 16, 49, 24, 3, 44, 32, 50, 18, 55, 25, 31, 10, 38, 65, 66, 11, 53, 14, 59, 19, 54, 13, 27, 52, 34, 46, 8, 35, 7, 58, 72, 39, 9, 40, 12, 17, 51, 6, 68, 75, 76, 26, 67, 4, 45, 30, 2, 33, 73, 1, 62, 28, 74, 48, 29, 5, 57, 15, 37, 20, 70, 60, 71, 69, 36, 47, 21, 61, 22, 64, 42]

Input: kroA100.tsp
Costs:
23269.0,23562.0,22856.0,22374.0,23571.0,22107.0,22623.0,23051.0,23205.0,22260.0,24097.0,23658.0,22722.0,22641.0,24075.0,23386.0,23618.0,22958.0,23882.0,23711.0,24076.0,22314.0,22503.0,23378.0,22517.0,22223.0,23253.0,24209.0,22869.0,22428.0,
Mean cost: 23113.2
Std Deviation: 627.530737626984
Best path:
Distance:22107.0
Path: [66, 26, 65, 4, 19, 97, 56, 80, 31, 89, 42, 8, 1, 92, 75, 90, 49, 6, 63, 47, 93, 28, 58, 67, 54, 40, 64, 69, 81, 25, 61, 51, 87, 85, 68, 73, 50, 44, 2, 82, 95, 13, 76, 33, 37, 5, 52, 78, 96, 39, 30, 48, 100, 41, 71, 14, 3, 43, 46, 29, 34, 83, 55, 7, 9, 57, 20, 12, 27, 86, 35, 62, 60, 77, 23, 98, 91, 45, 32, 11, 15, 17, 59, 74, 21, 72, 10, 84, 36, 99, 38, 24, 18, 79, 53, 88, 16, 94, 22, 70]

Input: kroC100.tsp
Costs:
22554.0,22955.0,22983.0,24234.0,21636.0,23695.0,22366.0,22408.0,22623.0,22909.0,22393.0,22290.0,22617.0,22516.0,23558.0,23396.0,23262.0,23047.0,22232.0,21991.0,22545.0,22033.0,21774.0,23460.0,21072.0,23237.0,23847.0,23519.0,22956.0,22687.0,
Mean cost: 22759.833333333332
Std Deviation: 691.7896155784808
Best path:
Distance:21072.0
Path: [100, 33, 45, 81, 97, 96, 87, 52, 11, 84, 48, 66, 44, 63, 51, 16, 37, 9, 78, 82, 7, 26, 61, 32, 24, 46, 29, 18, 49, 12, 40, 53, 1, 85, 27, 15, 13, 79, 64, 20, 42, 55, 67, 31, 65, 80, 77, 30, 68, 35, 2, 54, 6, 47, 75, 22, 8, 17, 25, 90, 34, 58, 98, 88, 28, 39, 38, 71, 56, 43, 5, 86, 72, 83, 62, 50, 95, 94, 91, 76, 70, 23, 21, 89, 41, 59, 73, 3, 69, 60, 4, 93, 99, 19, 92, 10, 14, 36, 57, 74]

Input: kroD100.tsp
Costs:
22940.0,24184.0,22747.0,22796.0,22853.0,22710.0,22085.0,23606.0,23310.0,23149.0,24787.0,23409.0,23519.0,23717.0,22912.0,22704.0,24301.0,23047.0,23592.0,23609.0,23327.0,22473.0,22794.0,22568.0,24015.0,23145.0,23556.0,22687.0,22213.0,24195.0,
Mean cost: 23231.666666666668
Std Deviation: 635.2047089106175
Best path:
Distance:22085.0
Path: [94, 17, 50, 1, 13, 79, 88, 27, 24, 41, 84, 81, 34, 38, 66, 8, 52, 46, 69, 15, 73, 39, 91, 54, 63, 16, 77, 43, 71, 4, 93, 44, 60, 53, 62, 35, 30, 100, 51, 37, 19, 2, 48, 92, 5, 3, 83, 40, 6, 25, 20, 9, 55, 87, 26, 10, 95, 56, 21, 28, 12, 47, 82, 18, 85, 59, 64, 96, 86, 65, 14, 68, 33, 45, 99, 78, 31, 57, 72, 80, 76, 61, 74, 7, 75, 67, 36, 29, 58, 22, 42, 23, 11, 90, 89, 70, 49, 98, 97, 32]

Input: lin105.tsp
Costs:
15756.0,15092.0,14792.0,15166.0,15021.0,15812.0,15275.0,15038.0,15773.0,15843.0,14959.0,15703.0,16066.0,15636.0,15636.0,15093.0,16192.0,15218.0,16266.0,15846.0,16405.0,15060.0,15720.0,15808.0,15144.0,15751.0,15857.0,16298.0,15770.0,15047.0,
Mean cost: 15568.1
Std Deviation: 447.1561509510222
Best path:
Distance:14792.0
Path: [50, 55, 54, 51, 47, 44, 41, 42, 43, 46, 52, 53, 58, 57, 56, 59, 105, 62, 63, 70, 69, 74, 75, 81, 80, 76, 73, 64, 67, 68, 71, 78, 82, 83, 85, 84, 72, 77, 79, 86, 91, 92, 96, 97, 101, 102, 93, 89, 90, 98, 99, 100, 95, 94, 88, 87, 66, 65, 61, 60, 39, 38, 35, 34, 14, 13, 4, 5, 9, 8, 12, 3, 1, 2, 6, 7, 10, 11, 15, 103, 21, 22, 29, 30, 31, 32, 33, 28, 23, 20, 27, 24, 19, 16, 17, 18, 25, 26, 37, 36, 104, 40, 49, 45, 48]

Input: pcb442.tsp
Costs:
93546.0,95209.0,94463.0,95038.0,97939.0,98177.0,96969.0,95740.0,99688.0,97319.0,95945.0,96562.0,94609.0,92591.0,95551.0,98732.0,98611.0,95133.0,96839.0,95792.0,98597.0,96833.0,96295.0,95031.0,97583.0,95726.0,94894.0,95169.0,97887.0,94910.0,
Mean cost: 96245.93333333333
Std Deviation: 1638.4178940537593
Best path:
Distance:92591.0
Path: [430, 323, 322, 295, 319, 294, 320, 425, 289, 290, 291, 353, 434, 355, 321, 358, 359, 360, 361, 435, 356, 318, 292, 317, 316, 343, 352, 313, 311, 350, 351, 340, 286, 312, 288, 424, 421, 247, 248, 229, 245, 243, 246, 244, 242, 241, 407, 240, 406, 221, 211, 403, 187, 186, 174, 173, 400, 172, 136, 161, 149, 126, 103, 102, 104, 387, 389, 151, 152, 175, 393, 140, 153, 164, 154, 165, 189, 163, 176, 188, 201, 203, 191, 397, 213, 230, 250, 415, 249, 252, 253, 418, 296, 324, 297, 298, 431, 328, 329, 327, 344, 364, 362, 363, 365, 366, 345, 367, 368, 369, 333, 331, 332, 305, 306, 336, 337, 373, 372, 370, 432, 334, 307, 335, 437, 275, 272, 268, 420, 423, 438, 300, 301, 302, 303, 304, 330, 371, 374, 375, 338, 427, 237, 218, 264, 236, 404, 409, 217, 413, 262, 263, 416, 422, 326, 325, 429, 299, 278, 417, 293, 251, 223, 222, 212, 200, 231, 402, 214, 202, 177, 190, 178, 395, 394, 141, 78, 105, 128, 139, 117, 106, 118, 129, 142, 130, 155, 166, 179, 398, 180, 167, 193, 192, 204, 255, 257, 256, 258, 259, 419, 261, 260, 408, 412, 225, 224, 215, 254, 232, 233, 216, 205, 195, 168, 181, 206, 194, 157, 156, 144, 133, 146, 158, 169, 183, 209, 196, 208, 207, 197, 182, 410, 414, 265, 226, 220, 411, 210, 219, 198, 199, 184, 160, 171, 148, 170, 159, 147, 135, 112, 113, 384, 98, 65, 31, 30, 376, 377, 33, 32, 97, 63, 28, 62, 29, 61, 94, 95, 64, 96, 380, 383, 125, 134, 145, 132, 122, 121, 391, 131, 143, 109, 53, 21, 57, 24, 25, 89, 87, 55, 56, 88, 378, 382, 381, 120, 385, 110, 123, 124, 379, 436, 101, 111, 93, 92, 91, 26, 58, 90, 59, 27, 60, 22, 23, 54, 86, 439, 84, 51, 50, 49, 18, 17, 15, 16, 83, 19, 85, 20, 52, 82, 81, 100, 47, 13, 48, 79, 108, 388, 390, 119, 107, 80, 14, 12, 46, 11, 45, 44, 77, 99, 76, 74, 73, 10, 43, 9, 7, 6, 5, 4, 3, 36, 38, 69, 8, 39, 40, 75, 42, 41, 72, 71, 70, 37, 66, 67, 2, 34, 442, 1, 35, 68, 138, 392, 116, 115, 114, 441, 386, 127, 150, 162, 137, 399, 396, 401, 185, 405, 239, 274, 426, 271, 267, 235, 228, 227, 234, 238, 273, 281, 279, 276, 308, 284, 283, 440, 280, 277, 270, 266, 269, 282, 341, 342, 428, 348, 347, 433, 346, 349, 339, 309, 310, 285, 287, 315, 314, 354, 357]

Input: pr2392.tsp
Costs:
5174808.0,5198340.0,5187896.0,5199053.0,5203820.0,5198072.0,5187015.0,5204370.0,5178148.0,5164266.0,5219236.0,5178980.0,5152923.0,5112899.0,5055647.0,5107146.0,5097186.0,5300894.0,5161375.0,5236440.0,5209183.0,5243539.0,5213923.0,5134742.0,5229370.0,5224732.0,5103755.0,5042314.0,5098373.0,5194839.0,
Mean cost: 5173776.133333334
Std Deviation: 57197.98629190444
Best path:
Distance:5042314.0
Path: [2355, 2200, 2226, 1520, 1493, 1348, 1349, 1250, 1164, 1243, 161, 397, 479, 786, 671, 482, 442, 906, 1007, 1113, 1134, 1122, 386, 378, 964, 484, 463, 414, 975, 381, 974, 318, 968, 443, 751, 576, 527, 477, 594, 925, 1559, 1017, 824, 762, 771, 746, 897, 433, 596, 774, 790, 515, 424, 427, 615, 837, 844, 1706, 1722, 1456, 1497, 1024, 2138, 2217, 1589, 1467, 1536, 2263, 2258, 2199, 2125, 2197, 1635, 1604, 2062, 1999, 1961, 1873, 1719, 1673, 1666, 1630, 1526, 1539, 2114, 1966, 1977, 1763, 1840, 1716, 828, 458, 588, 711, 1793, 1700, 2037, 1648, 1608, 1522, 1567, 1556, 1020, 1065, 1088, 991, 994, 912, 917, 586, 739, 654, 1736, 2003, 1936, 2142, 2155, 2242, 2136, 2211, 1530, 2210, 1594, 2127, 2074, 1533, 1480, 1271, 1311, 1289, 1417, 1287, 1043, 1406, 1338, 1508, 1035, 1487, 1418, 43, 40, 1135, 932, 937, 658, 683, 663, 1839, 1861, 2022, 664, 656, 521, 502, 831, 858, 849, 954, 924, 701, 726, 641, 1767, 1748, 867, 1698, 674, 639, 1971, 1761, 1833, 691, 717, 738, 1720, 1653, 1970, 1762, 1804, 505, 446, 447, 486, 494, 444, 456, 951, 595, 589, 540, 528, 538, 536, 742, 727, 613, 455, 430, 981, 761, 783, 1083, 1461, 1053, 1552, 896, 827, 916, 948, 464, 915, 996, 704, 501, 719, 655, 673, 1742, 1780, 1798, 2108, 2073, 1711, 1705, 1005, 1004, 1423, 1229, 1457, 1592, 1610, 1540, 2233, 2178, 1310, 41, 1264, 1215, 1163, 1218, 1427, 1394, 1327, 1366, 1383, 1227, 359, 1139, 970, 291, 133, 118, 106, 49, 1313, 2316, 2294, 2379, 2324, 2389, 2169, 1597, 2243, 2247, 2295, 1331, 1276, 1393, 1346, 1064, 1328, 1321, 1316, 1503, 1485, 869, 1696, 1040, 178, 322, 1232, 1207, 358, 276, 288, 1214, 1258, 1226, 70, 44, 143, 1176, 1145, 205, 216, 1157, 16, 17, 1308, 2300, 2219, 2368, 1410, 1370, 1047, 1213, 140, 81, 71, 1238, 1378, 72, 52, 1282, 221, 1220, 1128, 1137, 340, 266, 218, 242, 303, 301, 1100, 370, 437, 957, 971, 259, 374, 825, 829, 877, 1558, 1455, 1472, 1091, 275, 240, 263, 353, 141, 1255, 1026, 1443, 1172, 1343, 2319, 2365, 2280, 1322, 1399, 1037, 87, 1235, 90, 1369, 1245, 1409, 1397, 2272, 2177, 2360, 2312, 25, 2388, 1295, 2381, 2382, 2164, 2171, 2175, 1515, 1479, 2223, 1436, 2268, 1329, 2311, 2238, 2221, 2222, 2377, 2292, 1471, 1535, 1587, 1578, 1681, 1402, 2321, 2350, 2331, 2326, 1512, 1127, 1129, 1096, 177, 181, 1236, 1162, 182, 69, 131, 317, 398, 309, 289, 364, 1095, 1421, 1033, 1155, 1126, 371, 1093, 277, 265, 251, 307, 285, 372, 889, 1574, 2203, 1466, 1464, 1022, 1626, 1695, 882, 1783, 1818, 1781, 1718, 1701, 2056, 1990, 1945, 1898, 2023, 2188, 2049, 1012, 1075, 1079, 1447, 1081, 1568, 1087, 1110, 294, 298, 331, 977, 1019, 185, 254, 78, 115, 158, 111, 1208, 1376, 2167, 1501, 2194, 2128, 2209, 2251, 1097, 980, 592, 618, 714, 1851, 1916, 1652, 1826, 1815, 1960, 1776, 1805, 1976, 557, 514, 626, 519, 852, 1749, 1684, 1546, 886, 998, 393, 382, 392, 233, 312, 269, 369, 417, 919, 1791, 510, 469, 923, 946, 956, 934, 949, 921, 1008, 907, 794, 593, 894, 864, 755, 945, 993, 646, 1629, 2098, 1994, 2024, 1949, 1724, 893, 1009, 363, 190, 109, 136, 80, 1396, 1365, 13, 5, 2344, 2282, 2165, 2186, 2205, 2117, 1529, 1468, 1039, 1433, 1489, 2257, 1590, 2198, 11, 2284, 2318, 1368, 1492, 2212, 2152, 2179, 2274, 2264, 2232, 2184, 2279, 2293, 1307, 1304, 1510, 1361, 1400, 2307, 1516, 2101, 1978, 1896, 1953, 1867, 686, 647, 1809, 1785, 1755, 1737, 2008, 1919, 1991, 1769, 1891, 1972, 573, 632, 648, 730, 565, 568, 724, 750, 960, 421, 425, 516, 562, 606, 623, 550, 555, 517, 535, 490, 549, 544, 503, 406, 439, 936, 878, 2072, 2016, 1650, 1654, 1726, 1704, 857, 1077, 862, 913, 905, 306, 361, 1015, 475, 574, 616, 577, 756, 819, 911, 808, 668, 1787, 525, 617, 716, 635, 723, 500, 546, 581, 709, 776, 1557, 1010, 1713, 1906, 2033, 1814, 1702, 1576, 2227, 2229, 2253, 2166, 1584, 2248, 2174, 2078, 2010, 2028, 1863, 1951, 1963, 2031, 1607, 2259, 2208, 2246, 2278, 2358, 2349, 1372, 1403, 1312, 1309, 1519, 1689, 2013, 634, 627, 467, 680, 749, 1892, 1883, 1865, 661, 630, 710, 1778, 1825, 1841, 1829, 760, 708, 640, 682, 811, 1002, 356, 1174, 1364, 1385, 1242, 174, 249, 202, 76, 94, 92, 99, 89, 206, 130, 1178, 220, 274, 238, 1125, 1143, 1055, 1072, 1118, 1116, 1016, 1449, 1438, 992, 488, 607, 795, 1655, 2107, 2115, 2061, 1957, 1988, 1759, 763, 1733, 1788, 633, 609, 487, 302, 1092, 1205, 73, 23, 2303, 2120, 2057, 2228, 2356, 2342, 1301, 8, 54, 1297, 2163, 2348, 2346, 1315, 281, 292, 349, 135, 134, 1185, 139, 121, 168, 225, 119, 217, 204, 162, 1181, 352, 336, 367, 283, 983, 1124, 1018, 1678, 839, 785, 745, 699, 944, 904, 986, 898, 1543, 1484, 1581, 2176, 2173, 2180, 2329, 2335, 2313, 24, 2390, 15, 85, 63, 39, 2332, 2309, 375, 1001, 572, 570, 591, 843, 764, 1660, 2044, 1872, 1995, 2007, 1656, 804, 775, 1657, 1715, 1692, 1965, 1943, 1933, 1942, 1987, 1844, 1845, 1625, 1636, 2046, 2202, 2230, 2147, 2161, 2220, 1582, 1496, 1355, 2361, 2351, 2378, 1286, 2345, 2362, 3, 6, 2252, 2334, 12, 2328, 27, 1275, 1356, 33, 1302, 1465, 1476, 2262, 2297, 1469, 1459, 1577, 1627, 1463, 2333, 2354, 2291, 2288, 2302, 2337, 1347, 1285, 79, 148, 1150, 98, 107, 110, 104, 183, 284, 400, 901, 1699, 823, 832, 471, 732, 610, 1782, 2004, 1866, 1801, 1712, 1729, 2116, 2088, 2081, 1731, 1697, 1738, 1869, 1881, 1830, 1952, 2084, 859, 1111, 1199, 163, 187, 258, 252, 84, 234, 224, 208, 257, 232, 164, 142, 1230, 157, 313, 278, 379, 287, 351, 1108, 1034, 1049, 1420, 1524, 870, 1562, 1119, 321, 438, 411, 304, 1140, 1460, 1085, 1120, 1014, 1112, 961, 207, 229, 227, 58, 192, 244, 357, 1090, 1551, 2158, 2187, 1640, 1596, 1857, 1779, 689, 659, 681, 1777, 652, 1874, 866, 1837, 1887, 1939, 1932, 1633, 1613, 2025, 1323, 1411, 1509, 1340, 1123, 1051, 1052, 1180, 1448, 1056, 1389, 1446, 1500, 1407, 1270, 9, 1265, 1380, 34, 2366, 2308, 1044, 132, 127, 1247, 1299, 48, 2376, 2336, 2384, 1, 2323, 2191, 2298, 2281, 1603, 2241, 2236, 1474, 1089, 355, 348, 286, 297, 315, 817, 338, 399, 329, 1146, 1221, 1253, 1288, 50, 1384, 1070, 1523, 1527, 1528, 2231, 2196, 2126, 2131, 2129, 2218, 2162, 2140, 2182, 2265, 1599, 1602, 1605, 1600, 1591, 1646, 2082, 1670, 1662, 1721, 1634, 2096, 2043, 777, 715, 489, 582, 530, 554, 520, 561, 733, 818, 450, 643, 1983, 1899, 1901, 1786, 1750, 559, 553, 712, 1821, 757, 826, 2039, 1664, 2113, 2087, 1856, 1649, 2058, 1595, 2172, 2276, 2201, 2118, 2026, 2064, 2063, 1908, 1900, 1889, 1909, 1911, 1902, 1927, 1937, 1920, 1913, 1832, 1985, 706, 1751, 599, 481, 480, 792, 752, 563, 698, 1708, 697, 631, 637, 534, 429, 412, 940, 770, 459, 415, 409, 184, 250, 262, 160, 389, 1068, 1217, 1209, 175, 1192, 223, 128, 173, 280, 440, 990, 1069, 1098, 96, 114, 255, 230, 282, 86, 239, 124, 199, 197, 1105, 984, 781, 778, 448, 814, 928, 903, 883, 1013, 2244, 2254, 2193, 1499, 2266, 1507, 2341, 2317, 1241, 1293, 2325, 2314, 2373, 1324, 4, 1280, 68, 151, 1191, 1107, 123, 172, 1200, 1382, 1151, 166, 200, 213, 910, 1745, 1775, 1822, 1975, 1773, 692, 678, 1690, 850, 1661, 1585, 1490, 1173, 1197, 1198, 377, 147, 1094, 881, 1618, 1621, 2204, 2077, 2137, 1680, 1491, 2255, 1545, 1011, 863, 872, 1757, 1766, 1813, 1880, 1926, 2091, 2123, 2103, 1922, 677, 653, 665, 2018, 2090, 1905, 1968, 1875, 1823, 1820, 1854, 1855, 1611, 2017, 2076, 2071, 2100, 1580, 1571, 2256, 2207, 1628, 1078, 1041, 1142, 1000, 1434, 1482, 1477, 1412, 1390, 1228, 1160, 212, 245, 237, 967, 947, 1452, 1027, 347, 1167, 1046, 1132, 362, 1231, 31, 1248, 1269, 1274, 1413, 2320, 2, 2339, 2386, 18, 2305, 19, 1504, 1537, 138, 154, 74, 1256, 14, 26, 36, 1259, 112, 116, 103, 120, 210, 215, 1261, 1363, 1166, 1246, 1267, 1391, 1330, 1254, 1395, 1170, 1175, 1168, 1206, 260, 125, 1249, 64, 91, 97, 1189, 1216, 1183, 1054, 963, 385, 366, 1212, 167, 1260, 165, 126, 129, 137, 61, 1067, 1130, 1345, 1513, 1025, 1352, 1277, 1032, 1544, 380, 290, 1201, 198, 1050, 1478, 1486, 2225, 1379, 1359, 1401, 1388, 1511, 1373, 144, 209, 101, 108, 228, 219, 354, 243, 973, 933, 789, 426, 585, 537, 508, 541, 611, 737, 567, 1760, 614, 612, 705, 759, 791, 873, 1679, 1642, 2045, 1658, 1645, 1728, 1810, 1774, 1764, 1694, 1677, 874, 2035, 2020, 2106, 1928, 1935, 1638, 2009, 1858, 1842, 1950, 684, 931, 846, 1707, 670, 675, 753, 473, 679, 1747, 1802, 741, 531, 688, 1834, 1827, 1876, 1915, 1862, 743, 667, 1744, 880, 1099, 1104, 308, 326, 324, 384, 311, 395, 1080, 1555, 1073, 333, 396, 966, 401, 995, 1133, 334, 189, 267, 241, 271, 969, 485, 666, 1992, 1964, 1651, 1667, 1799, 1753, 649, 694, 935, 466, 461, 476, 457, 962, 803, 496, 542, 511, 434, 498, 552, 693, 601, 736, 650, 1754, 1723, 1846, 2032, 1668, 2237, 2234, 1563, 1058, 346, 1109, 1102, 1115, 1057, 1425, 1424, 180, 196, 102, 105, 214, 222, 82, 193, 88, 83, 226, 1182, 149, 1188, 350, 1136, 997, 1454, 1547, 1003, 1031, 1570, 1573, 2093, 2109, 2122, 2133, 1683, 1693, 798, 930, 1542, 1521, 1028, 345, 100, 264, 1106, 950, 735, 740, 871, 387, 394, 403, 908, 816, 890, 802, 1084, 1061, 1193, 194, 113, 248, 231, 1190, 368, 1451, 2372, 1300, 67, 188, 1156, 1060, 976, 176, 1149, 1059, 1038, 1429, 1171, 1211, 1184, 191, 373, 305, 299, 1103, 402, 332, 150, 985, 327, 328, 431, 685, 571, 543, 834, 853, 855, 847, 1643, 1714, 779, 624, 695, 524, 499, 564, 600, 628, 1794, 1768, 687, 895, 797, 360, 256, 268, 1147, 1375, 1204, 146, 1266, 60, 55, 46, 1298, 42, 1244, 37, 29, 2304, 2301, 1498, 1239, 1237, 201, 57, 35, 1263, 1381, 1045, 1439, 1473, 1554, 1565, 1739, 428, 952, 569, 419, 451, 583, 888, 580, 842, 747, 323, 325, 279, 295, 926, 805, 1458, 1575, 2066, 1974, 1859, 1741, 1730, 1756, 625, 1792, 1817, 722, 787, 1686, 1623, 1717, 754, 800, 929, 958, 445, 413, 927, 955, 390, 344, 343, 1138, 159, 1187, 169, 153, 1262, 1392, 1415, 2213, 1445, 2104, 1998, 1946, 1996, 1982, 1884, 1925, 1929, 1955, 1944, 2042, 1641, 1470, 1488, 2065, 2052, 2085, 1514, 2224, 2144, 2290, 1225, 1354, 66, 56, 1273, 51, 65, 1233, 1404, 2306, 1292, 2327, 1279, 1281, 30, 28, 2322, 2391, 1326, 2380, 2286, 1305, 22, 2375, 38, 1358, 1344, 2260, 2168, 1339, 2296, 1319, 1278, 53, 32, 1367, 1210, 95, 152, 1234, 211, 122, 145, 1223, 365, 1148, 965, 900, 422, 806, 938, 845, 801, 523, 558, 620, 602, 942, 296, 261, 247, 1257, 1362, 1194, 1159, 1371, 1252, 117, 1268, 1251, 1224, 1416, 1076, 1475, 1481, 999, 989, 988, 1101, 1550, 1462, 1336, 2315, 2338, 2392, 1303, 2156, 2183, 1430, 1422, 1284, 1306, 2277, 75, 93, 1179, 179, 171, 195, 1203, 1048, 1483, 1450, 1624, 1647, 1758, 1973, 636, 465, 812, 772, 833, 1800, 1871, 1816, 1806, 1956, 1947, 1894, 1879, 1914, 1904, 1878, 1812, 638, 1752, 1847, 2060, 2111, 2095, 1870, 1885, 1836, 1984, 1934, 1895, 1969, 1868, 1811, 1808, 1784, 522, 835, 841, 1676, 891, 941, 460, 922, 468, 979, 420, 453, 529, 642, 1986, 1659, 1962, 2102, 2097, 2094, 1850, 672, 629, 551, 506, 575, 767, 1734, 1644, 1622, 1588, 2215, 2245, 2250, 1538, 2059, 2124, 2092, 2086, 2041, 1632, 1671, 1074, 918, 436, 978, 813, 513, 696, 793, 799, 892, 780, 2352, 2185, 2353, 2240, 2239, 2271, 2206, 1663, 1685, 2080, 1843, 2000, 1931, 1888, 1903, 1997, 1831, 1948, 1941, 1930, 2099, 2038, 1918, 1989, 1886, 2112, 2014, 2015, 2050, 2040, 2034, 1848, 1897, 1797, 1993, 1746, 2036, 1566, 1141, 796, 899, 1114, 1021, 1444, 1177, 1196, 1169, 186, 272, 335, 1063, 1152, 319, 293, 432, 449, 470, 391, 383, 320, 1144, 155, 1435, 376, 474, 407, 408, 316, 418, 953, 939, 660, 1981, 690, 1795, 1877, 1938, 1616, 1564, 1688, 766, 851, 1735, 1709, 731, 700, 707, 725, 416, 943, 807, 748, 876, 273, 236, 246, 1186, 270, 253, 235, 300, 339, 310, 1023, 1637, 1674, 848, 676, 657, 773, 822, 861, 865, 495, 492, 441, 840, 765, 718, 548, 884, 1494, 1502, 1431, 1631, 1682, 868, 879, 1561, 972, 914, 423, 909, 788, 887, 1518, 1517, 2181, 2270, 2192, 1357, 1222, 1153, 1117, 1131, 1066, 987, 452, 462, 920, 483, 758, 1703, 330, 314, 1121, 1419, 1283, 1414, 2273, 2154, 1525, 1549, 1036, 1219, 1387, 1586, 2195, 1598, 2110, 2119, 1614, 2146, 2141, 1669, 1912, 1954, 1803, 1828, 1765, 1772, 2001, 1838, 1743, 1824, 768, 782, 341, 405, 493, 504, 734, 651, 597, 587, 584, 619, 662, 838, 1740, 2075, 1940, 1921, 1924, 1849, 2012, 2068, 1579, 2067, 2048, 2132, 2135, 2051, 1665, 1672, 1615, 2027, 1835, 1790, 713, 1732, 854, 1675, 885, 836, 902, 478, 532, 547, 497, 566, 518, 621, 729, 533, 603, 491, 622, 830, 1691, 1639, 2083, 1917, 2055, 1593, 507, 608, 435, 337, 1165, 1374, 1335, 1428, 1337, 2157, 2249, 2105, 1572, 1442, 1441, 1432, 875, 809, 769, 1553, 1440, 1506, 2170, 2143, 2340, 2310, 2160, 2367, 2385, 2369, 2357, 2343, 1291, 1294, 1334, 1320, 1158, 1386, 2214, 2070, 1893, 1958, 1860, 1967, 1882, 1890, 1910, 1979, 1727, 1532, 1531, 2364, 2374, 20, 1296, 1377, 1398, 1161, 1240, 170, 1202, 156, 59, 77, 1437, 856, 1006, 959, 1710, 1601, 1620, 2029, 2079, 2235, 2267, 1405, 1333, 1332, 2269, 1360, 1341, 1030, 388, 342, 404, 1071, 1195, 1042, 1495, 1583, 2121, 1619, 2130, 2139, 2387, 2347, 2285, 21, 2289, 2159, 2150, 1606, 2011, 1853, 2002, 2021, 2089, 2030, 1819, 1807, 644, 645, 669, 821, 590, 605, 1771, 1907, 1980, 1864, 1796, 720, 512, 454, 472, 784, 1725, 2006, 2019, 2153, 2149, 2363, 10, 45, 1353, 47, 1290, 1351, 1325, 2261, 2370, 2145, 2189, 2151, 2134, 1029, 1560, 1687, 2047, 1852, 1959, 1770, 1789, 702, 820, 578, 560, 728, 539, 545, 509, 721, 526, 556, 703, 744, 598, 579, 604, 410, 982, 815, 810, 2005, 1923, 2190, 1617, 2069, 2054, 2053, 2216, 1548, 1082, 1154, 1426, 1062, 1086, 860, 1534, 1569, 1541, 1408, 1350, 1272, 203, 62, 2299, 2148, 2359, 2383, 1317, 1314, 7, 2283, 2371, 2330, 1318, 2275, 1609, 1612, 1453, 1505, 1342, 2287]

Input: st70.tsp
Costs:
740.0,728.0,717.0,762.0,729.0,740.0,703.0,771.0,700.0,720.0,732.0,703.0,698.0,741.0,703.0,736.0,740.0,710.0,725.0,762.0,705.0,719.0,709.0,714.0,705.0,701.0,760.0,700.0,722.0,728.0,
Mean cost: 724.1
Std Deviation: 20.601537159477527
Best path:
Distance:698.0
Path: [56, 51, 65, 64, 11, 48, 54, 62, 39, 61, 40, 45, 25, 46, 27, 9, 17, 43, 68, 44, 30, 20, 14, 28, 8, 55, 49, 26, 7, 32, 3, 42, 41, 6, 18, 4, 2, 19, 24, 15, 57, 63, 66, 22, 59, 38, 31, 69, 35, 70, 13, 29, 36, 1, 23, 16, 47, 37, 58, 50, 5, 53, 10, 52, 60, 12, 21, 34, 33, 67]

